0 3 8 1 08:00:00 08:45:00 40 1
0 3 9 2 08:00:00 09:00:00 40 1
0 3 10 2 08:00:00 08:40:00 40 1
0 3 11 2 08:00:00 08:40:00 40 1
0 3 12 2 08:00:00 09:00:00 40 1
0 3 13 1 08:00:00 09:05:00 40 1
0 3 14 2 08:00:00 09:05:00 40 1
0 3 15 1 08:00:00 09:35:00 40 1
0 3 16 1 08:00:00 09:50:00 40 1
0 3 17 1 08:00:00 10:00:00 40 1
0 3 18 1 08:00:00 09:10:00 40 1
0 3 19 1 08:00:00 08:30:00 40 1
1 2 8 1 08:00:00 08:40:00 40 1
1 2 9 2 08:00:00 08:35:00 40 1
1 2 10 2 08:00:00 08:35:00 40 1
1 2 11 2 08:00:00 08:50:00 40 1
1 2 12 2 08:00:00 08:45:00 40 1
1 2 13 1 08:00:00 08:55:00 40 1
1 2 14 2 08:00:00 09:10:00 40 1
1 2 15 1 08:00:00 09:40:00 40 1
1 2 16 1 08:00:00 09:55:00 40 1
1 2 17 1 08:00:00 10:00:00 40 1
1 2 18 1 08:00:00 09:00:00 40 1
1 2 19 1 08:00:00 08:55:00 40 1
2 2 8 1 08:00:00 09:00:00 40 1
2 2 9 2 08:00:00 09:00:00 40 1
2 2 10 2 08:00:00 08:35:00 40 1
2 2 11 2 08:00:00 08:30:00 40 1
2 2 12 2 08:00:00 08:50:00 40 1
2 2 13 1 08:00:00 08:45:00 40 1
2 2 14 2 08:00:00 08:40:00 40 1
2 2 15 1 08:00:00 09:10:00 40 1
2 2 16 1 08:00:00 09:30:00 40 1
2 2 17 1 08:00:00 09:35:00 40 1
2 2 18 1 08:00:00 08:50:00 40 1
2 2 19 1 08:00:00 08:40:00 40 1
3 2 8 1 08:00:00 08:55:00 40 1
3 2 9 2 08:00:00 08:35:00 40 1
3 2 10 2 08:00:00 08:40:00 40 1
3 2 11 2 08:00:00 08:51:00 40 1
3 2 12 2 08:00:00 08:35:00 40 1
3 2 13 1 08:00:00 08:50:00 40 1
3 2 14 2 08:00:00 09:00:00 40 1
3 2 15 1 08:00:00 09:35:00 40 1
3 2 16 1 08:00:00 09:50:00 40 1
3 2 17 1 08:00:00 10:00:00 40 1
3 2 18 1 08:00:00 08:50:00 40 1
3 2 19 1 08:00:00 09:00:00 40 1
4 2 8 1 08:00:00 09:20:00 40 1
4 2 9 2 08:00:00 09:10:00 40 1
4 2 10 2 08:00:00 08:50:00 40 1
4 2 11 2 08:00:00 08:35:00 40 1
4 2 12 2 08:00:00 08:58:00 40 1
4 2 13 1 08:00:00 08:45:00 40 1
4 2 14 2 08:00:00 08:30:00 40 1
4 2 15 1 08:00:00 09:00:00 40 1
4 2 16 1 08:00:00 09:20:00 40 1
4 2 17 1 08:00:00 09:22:00 40 1
4 2 18 1 08:00:00 08:50:00 40 1
4 2 19 1 08:00:00 08:50:00 40 1
5 1 8 1 08:00:00 09:45:00 40 1
5 1 9 2 08:00:00 09:30:00 40 1
5 1 10 2 08:00:00 09:15:00 40 1
5 1 11 2 08:00:00 09:05:00 40 1
5 1 12 2 08:00:00 09:15:00 40 1
5 1 13 1 08:00:00 08:58:00 40 1
5 1 14 2 08:00:00 08:40:00 40 1
5 1 15 1 08:00:00 08:37:00 40 1
5 1 16 1 08:00:00 08:51:00 40 1
5 1 17 1 08:00:00 09:00:00 40 1
5 1 18 1 08:00:00 09:05:00 40 1
5 1 19 1 08:00:00 09:12:00 40 1
6 1 8 1 08:00:00 10:10:00 40 1
6 1 9 2 08:00:00 10:00:00 40 1
6 1 10 2 08:00:00 09:42:00 40 1
6 1 11 2 08:00:00 09:30:00 40 1
6 1 12 2 08:00:00 09:50:00 40 1
6 1 13 1 08:00:00 09:23:00 40 1
6 1 14 2 08:00:00 09:10:00 40 1
6 1 15 1 08:00:00 08:40:00 40 1
6 1 16 1 08:00:00 08:35:00 40 1
6 1 17 1 08:00:00 08:30:00 40 1
6 1 18 1 08:00:00 09:30:00 40 1
6 1 19 1 08:00:00 09:40:00 40 1
7 1 8 1 08:00:00 09:35:00 40 1
7 1 9 2 08:00:00 09:15:00 40 1
7 1 10 2 08:00:00 09:05:00 40 1
7 1 11 2 08:00:00 09:05:00 40 1
7 1 12 2 08:00:00 09:00:00 40 1
7 1 13 1 08:00:00 08:40:00 40 1
7 1 14 2 08:00:00 08:50:00 40 1
7 1 15 1 08:00:00 09:12:00 40 1
7 1 16 1 08:00:00 09:25:00 40 1
7 1 17 1 08:00:00 09:30:00 40 1
7 1 18 1 08:00:00 08:40:00 40 1
7 1 19 1 08:00:00 09:20:00 40 1
0 3 8 1 08:00:00 08:45:00 40 1
0 3 9 2 08:00:00 09:00:00 40 1
0 3 10 2 08:00:00 08:40:00 40 1
0 3 11 2 08:00:00 08:40:00 40 1
0 3 12 2 08:00:00 09:00:00 40 1
0 3 13 1 08:00:00 09:05:00 40 1
0 3 14 2 08:00:00 09:05:00 40 1
0 3 15 1 08:00:00 09:35:00 40 1
0 3 16 1 08:00:00 09:50:00 40 1
0 3 17 1 08:00:00 10:00:00 40 1
0 3 18 1 08:00:00 09:10:00 40 1
0 3 19 1 08:00:00 08:30:00 40 1
1 2 8 1 08:00:00 08:40:00 40 1
1 2 9 2 08:00:00 08:35:00 40 1
1 2 10 2 08:00:00 08:35:00 40 1
1 2 11 2 08:00:00 08:50:00 40 1
1 2 12 2 08:00:00 08:45:00 40 1
1 2 13 1 08:00:00 08:55:00 40 1
1 2 14 2 08:00:00 09:10:00 40 1
1 2 15 1 08:00:00 09:40:00 40 1
1 2 16 1 08:00:00 09:55:00 40 1
1 2 17 1 08:00:00 10:00:00 40 1
1 2 18 1 08:00:00 09:00:00 40 1
1 2 19 1 08:00:00 08:55:00 40 1
2 2 8 1 08:00:00 09:00:00 40 1
2 2 9 2 08:00:00 09:00:00 40 1
2 2 10 2 08:00:00 08:35:00 40 1
2 2 11 2 08:00:00 08:30:00 40 1
2 2 12 2 08:00:00 08:50:00 40 1
2 2 13 1 08:00:00 08:45:00 40 1
2 2 14 2 08:00:00 08:40:00 40 1
2 2 15 1 08:00:00 09:10:00 40 1
2 2 16 1 08:00:00 09:30:00 40 1
2 2 17 1 08:00:00 09:35:00 40 1
2 2 18 1 08:00:00 08:50:00 40 1
2 2 19 1 08:00:00 08:40:00 40 1
3 2 8 1 08:00:00 08:55:00 40 1
3 2 9 2 08:00:00 08:35:00 40 1
3 2 10 2 08:00:00 08:40:00 40 1
3 2 11 2 08:00:00 08:51:00 40 1
3 2 12 2 08:00:00 08:35:00 40 1
3 2 13 1 08:00:00 08:50:00 40 1
3 2 14 2 08:00:00 09:00:00 40 1
3 2 15 1 08:00:00 09:35:00 40 1
3 2 16 1 08:00:00 09:50:00 40 1
3 2 17 1 08:00:00 10:00:00 40 1
3 2 18 1 08:00:00 08:50:00 40 1
3 2 19 1 08:00:00 09:00:00 40 1
4 2 8 1 08:00:00 09:20:00 40 1
4 2 9 2 08:00:00 09:10:00 40 1
4 2 10 2 08:00:00 08:50:00 40 1
4 2 11 2 08:00:00 08:35:00 40 1
4 2 12 2 08:00:00 08:58:00 40 1
4 2 13 1 08:00:00 08:45:00 40 1
4 2 14 2 08:00:00 08:30:00 40 1
4 2 15 1 08:00:00 09:00:00 40 1
4 2 16 1 08:00:00 09:20:00 40 1
4 2 17 1 08:00:00 09:22:00 40 1
4 2 18 1 08:00:00 08:50:00 40 1
4 2 19 1 08:00:00 08:50:00 40 1
5 1 8 1 08:00:00 09:45:00 40 1
5 1 9 2 08:00:00 09:30:00 40 1
5 1 10 2 08:00:00 09:15:00 40 1
5 1 11 2 08:00:00 09:05:00 40 1
5 1 12 2 08:00:00 09:15:00 40 1
5 1 13 1 08:00:00 08:58:00 40 1
5 1 14 2 08:00:00 08:40:00 40 1
5 1 15 1 08:00:00 08:37:00 40 1
5 1 16 1 08:00:00 08:51:00 40 1
5 1 17 1 08:00:00 09:00:00 40 1
5 1 18 1 08:00:00 09:05:00 40 1
5 1 19 1 08:00:00 09:12:00 40 1
6 1 8 1 08:00:00 10:10:00 40 1
6 1 9 2 08:00:00 10:00:00 40 1
6 1 10 2 08:00:00 09:42:00 40 1
6 1 11 2 08:00:00 09:30:00 40 1
6 1 12 2 08:00:00 09:50:00 40 1
6 1 13 1 08:00:00 09:23:00 40 1
6 1 14 2 08:00:00 09:10:00 40 1
6 1 15 1 08:00:00 08:40:00 40 1
6 1 16 1 08:00:00 08:35:00 40 1
6 1 17 1 08:00:00 08:30:00 40 1
6 1 18 1 08:00:00 09:30:00 40 1
6 1 19 1 08:00:00 09:40:00 40 1
7 1 8 1 08:00:00 09:35:00 40 1
7 1 9 2 08:00:00 09:15:00 40 1
7 1 10 2 08:00:00 09:05:00 40 1
7 1 11 2 08:00:00 09:05:00 40 1
7 1 12 2 08:00:00 09:00:00 40 1
7 1 13 1 08:00:00 08:40:00 40 1
7 1 14 2 08:00:00 08:50:00 40 1
7 1 15 1 08:00:00 09:12:00 40 1
7 1 16 1 08:00:00 09:25:00 40 1
7 1 17 1 08:00:00 09:30:00 40 1
7 1 18 1 08:00:00 08:40:00 40 1
7 1 19 1 08:00:00 09:20:00 40 1
0 3 8 1 08:00:00 08:45:00 40 1
0 3 9 2 08:00:00 09:00:00 40 1
0 3 10 2 08:00:00 08:40:00 40 1
0 3 11 2 08:00:00 08:40:00 40 1
0 3 12 2 08:00:00 09:00:00 40 1
0 3 13 1 08:00:00 09:05:00 40 1
0 3 14 2 08:00:00 09:05:00 40 1
0 3 15 1 08:00:00 09:35:00 40 1
0 3 16 1 08:00:00 09:50:00 40 1
0 3 17 1 08:00:00 10:00:00 40 1
0 3 18 1 08:00:00 09:10:00 40 1
0 3 19 1 08:00:00 08:30:00 40 1
1 2 8 1 08:00:00 08:40:00 40 1
1 2 9 2 08:00:00 08:35:00 40 1
1 2 10 2 08:00:00 08:35:00 40 1
1 2 11 2 08:00:00 08:50:00 40 1
1 2 12 2 08:00:00 08:45:00 40 1
1 2 13 1 08:00:00 08:55:00 40 1
1 2 14 2 08:00:00 09:10:00 40 1
1 2 15 1 08:00:00 09:40:00 40 1
1 2 16 1 08:00:00 09:55:00 40 1
1 2 17 1 08:00:00 10:00:00 40 1
1 2 18 1 08:00:00 09:00:00 40 1
1 2 19 1 08:00:00 08:55:00 40 1
2 2 8 1 08:00:00 09:00:00 40 1
2 2 9 2 08:00:00 09:00:00 40 1
2 2 10 2 08:00:00 08:35:00 40 1
2 2 11 2 08:00:00 08:30:00 40 1
2 2 12 2 08:00:00 08:50:00 40 1
2 2 13 1 08:00:00 08:45:00 40 1
2 2 14 2 08:00:00 08:40:00 40 1
2 2 15 1 08:00:00 09:10:00 40 1
2 2 16 1 08:00:00 09:30:00 40 1
2 2 17 1 08:00:00 09:35:00 40 1
2 2 18 1 08:00:00 08:50:00 40 1
2 2 19 1 08:00:00 08:40:00 40 1
3 2 8 1 08:00:00 08:55:00 40 1
3 2 9 2 08:00:00 08:35:00 40 1
3 2 10 2 08:00:00 08:40:00 40 1
3 2 11 2 08:00:00 08:51:00 40 1
3 2 12 2 08:00:00 08:35:00 40 1
3 2 13 1 08:00:00 08:50:00 40 1
3 2 14 2 08:00:00 09:00:00 40 1
3 2 15 1 08:00:00 09:35:00 40 1
3 2 16 1 08:00:00 09:50:00 40 1
3 2 17 1 08:00:00 10:00:00 40 1
3 2 18 1 08:00:00 08:50:00 40 1
3 2 19 1 08:00:00 09:00:00 40 1
4 2 8 1 08:00:00 09:20:00 40 1
4 2 9 2 08:00:00 09:10:00 40 1
4 2 10 2 08:00:00 08:50:00 40 1
4 2 11 2 08:00:00 08:35:00 40 1
4 2 12 2 08:00:00 08:58:00 40 1
4 2 13 1 08:00:00 08:45:00 40 1
4 2 14 2 08:00:00 08:30:00 40 1
4 2 15 1 08:00:00 09:00:00 40 1
4 2 16 1 08:00:00 09:20:00 40 1
4 2 17 1 08:00:00 09:22:00 40 1
4 2 18 1 08:00:00 08:50:00 40 1
4 2 19 1 08:00:00 08:50:00 40 1
5 1 8 1 08:00:00 09:45:00 40 1
5 1 9 2 08:00:00 09:30:00 40 1
5 1 10 2 08:00:00 09:15:00 40 1
5 1 11 2 08:00:00 09:05:00 40 1
5 1 12 2 08:00:00 09:15:00 40 1
5 1 13 1 08:00:00 08:58:00 40 1
5 1 14 2 08:00:00 08:40:00 40 1
5 1 15 1 08:00:00 08:37:00 40 1
5 1 16 1 08:00:00 08:51:00 40 1
5 1 17 1 08:00:00 09:00:00 40 1
5 1 18 1 08:00:00 09:05:00 40 1
5 1 19 1 08:00:00 09:12:00 40 1
6 1 8 1 08:00:00 10:10:00 40 1
6 1 9 2 08:00:00 10:00:00 40 1
6 1 10 2 08:00:00 09:42:00 40 1
6 1 11 2 08:00:00 09:30:00 40 1
6 1 12 2 08:00:00 09:50:00 40 1
6 1 13 1 08:00:00 09:23:00 40 1
6 1 14 2 08:00:00 09:10:00 40 1
6 1 15 1 08:00:00 08:40:00 40 1
6 1 16 1 08:00:00 08:35:00 40 1
6 1 17 1 08:00:00 08:30:00 40 1
6 1 18 1 08:00:00 09:30:00 40 1
6 1 19 1 08:00:00 09:40:00 40 1
7 1 8 1 08:00:00 09:35:00 40 1
7 1 9 2 08:00:00 09:15:00 40 1
7 1 10 2 08:00:00 09:05:00 40 1
7 1 11 2 08:00:00 09:05:00 40 1
7 1 12 2 08:00:00 09:00:00 40 1
7 1 13 1 08:00:00 08:40:00 40 1
7 1 14 2 08:00:00 08:50:00 40 1
7 1 15 1 08:00:00 09:12:00 40 1
7 1 16 1 08:00:00 09:25:00 40 1
7 1 17 1 08:00:00 09:30:00 40 1
7 1 18 1 08:00:00 08:40:00 40 1
7 1 19 1 08:00:00 09:20:00 40 1
0 3 8 1 08:00:00 08:45:00 40 1
0 3 9 2 08:00:00 09:00:00 40 1
0 3 10 2 08:00:00 08:40:00 40 1
0 3 11 2 08:00:00 08:40:00 40 1
0 3 12 2 08:00:00 09:00:00 40 1
0 3 13 1 08:00:00 09:05:00 40 1
0 3 14 2 08:00:00 09:05:00 40 1
0 3 15 1 08:00:00 09:35:00 40 1
0 3 16 1 08:00:00 09:50:00 40 1
0 3 17 1 08:00:00 10:00:00 40 1
0 3 18 1 08:00:00 09:10:00 40 1
0 3 19 1 08:00:00 08:30:00 40 1
1 2 8 1 08:00:00 08:40:00 40 1
1 2 9 2 08:00:00 08:35:00 40 1
1 2 10 2 08:00:00 08:35:00 40 1
1 2 11 2 08:00:00 08:50:00 40 1
1 2 12 2 08:00:00 08:45:00 40 1
1 2 13 1 08:00:00 08:55:00 40 1
1 2 14 2 08:00:00 09:10:00 40 1
1 2 15 1 08:00:00 09:40:00 40 1
1 2 16 1 08:00:00 09:55:00 40 1
1 2 17 1 08:00:00 10:00:00 40 1
1 2 18 1 08:00:00 09:00:00 40 1
1 2 19 1 08:00:00 08:55:00 40 1
2 2 8 1 08:00:00 09:00:00 40 1
2 2 9 2 08:00:00 09:00:00 40 1
2 2 10 2 08:00:00 08:35:00 40 1
2 2 11 2 08:00:00 08:30:00 40 1
2 2 12 2 08:00:00 08:50:00 40 1
2 2 13 1 08:00:00 08:45:00 40 1
2 2 14 2 08:00:00 08:40:00 40 1
2 2 15 1 08:00:00 09:10:00 40 1
2 2 16 1 08:00:00 09:30:00 40 1
2 2 17 1 08:00:00 09:35:00 40 1
2 2 18 1 08:00:00 08:50:00 40 1
2 2 19 1 08:00:00 08:40:00 40 1
3 2 8 1 08:00:00 08:55:00 40 1
3 2 9 2 08:00:00 08:35:00 40 1
3 2 10 2 08:00:00 08:40:00 40 1
3 2 11 2 08:00:00 08:51:00 40 1
3 2 12 2 08:00:00 08:35:00 40 1
3 2 13 1 08:00:00 08:50:00 40 1
3 2 14 2 08:00:00 09:00:00 40 1
3 2 15 1 08:00:00 09:35:00 40 1
3 2 16 1 08:00:00 09:50:00 40 1
3 2 17 1 08:00:00 10:00:00 40 1
3 2 18 1 08:00:00 08:50:00 40 1
3 2 19 1 08:00:00 09:00:00 40 1
4 2 8 1 08:00:00 09:20:00 40 1
4 2 9 2 08:00:00 09:10:00 40 1
4 2 10 2 08:00:00 08:50:00 40 1
4 2 11 2 08:00:00 08:35:00 40 1
4 2 12 2 08:00:00 08:58:00 40 1
4 2 13 1 08:00:00 08:45:00 40 1
4 2 14 2 08:00:00 08:30:00 40 1
4 2 15 1 08:00:00 09:00:00 40 1
4 2 16 1 08:00:00 09:20:00 40 1
4 2 17 1 08:00:00 09:22:00 40 1
4 2 18 1 08:00:00 08:50:00 40 1
4 2 19 1 08:00:00 08:50:00 40 1
5 1 8 1 08:00:00 09:45:00 40 1
5 1 9 2 08:00:00 09:30:00 40 1
5 1 10 2 08:00:00 09:15:00 40 1
5 1 11 2 08:00:00 09:05:00 40 1
5 1 12 2 08:00:00 09:15:00 40 1
5 1 13 1 08:00:00 08:58:00 40 1
5 1 14 2 08:00:00 08:40:00 40 1
5 1 15 1 08:00:00 08:37:00 40 1
5 1 16 1 08:00:00 08:51:00 40 1
5 1 17 1 08:00:00 09:00:00 40 1
5 1 18 1 08:00:00 09:05:00 40 1
5 1 19 1 08:00:00 09:12:00 40 1
6 1 8 1 08:00:00 10:10:00 40 1
6 1 9 2 08:00:00 10:00:00 40 1
6 1 10 2 08:00:00 09:42:00 40 1
6 1 11 2 08:00:00 09:30:00 40 1
6 1 12 2 08:00:00 09:50:00 40 1
6 1 13 1 08:00:00 09:23:00 40 1
6 1 14 2 08:00:00 09:10:00 40 1
6 1 15 1 08:00:00 08:40:00 40 1
6 1 16 1 08:00:00 08:35:00 40 1
6 1 17 1 08:00:00 08:30:00 40 1
6 1 18 1 08:00:00 09:30:00 40 1
6 1 19 1 08:00:00 09:40:00 40 1
7 1 8 1 08:00:00 09:35:00 40 1
7 1 9 2 08:00:00 09:15:00 40 1
7 1 10 2 08:00:00 09:05:00 40 1
7 1 11 2 08:00:00 09:05:00 40 1
7 1 12 2 08:00:00 09:00:00 40 1
7 1 13 1 08:00:00 08:40:00 40 1
7 1 14 2 08:00:00 08:50:00 40 1
7 1 15 1 08:00:00 09:12:00 40 1
7 1 16 1 08:00:00 09:25:00 40 1
7 1 17 1 08:00:00 09:30:00 40 1
7 1 18 1 08:00:00 08:40:00 40 1
7 1 19 1 08:00:00 09:20:00 40 1
0 3 8 1 08:00:00 08:45:00 40 1
0 3 9 2 08:00:00 09:00:00 40 1
0 3 10 2 08:00:00 08:40:00 40 1
0 3 11 2 08:00:00 08:40:00 40 1
0 3 12 2 08:00:00 09:00:00 40 1
0 3 13 1 08:00:00 09:05:00 40 1
0 3 14 2 08:00:00 09:05:00 40 1
0 3 15 1 08:00:00 09:35:00 40 1
0 3 16 1 08:00:00 09:50:00 40 1
0 3 17 1 08:00:00 10:00:00 40 1
0 3 18 1 08:00:00 09:10:00 40 1
0 3 19 1 08:00:00 08:30:00 40 1
1 2 8 1 08:00:00 08:40:00 40 1
1 2 9 2 08:00:00 08:35:00 40 1
1 2 10 2 08:00:00 08:35:00 40 1
1 2 11 2 08:00:00 08:50:00 40 1
1 2 12 2 08:00:00 08:45:00 40 1
1 2 13 1 08:00:00 08:55:00 40 1
1 2 14 2 08:00:00 09:10:00 40 1
1 2 15 1 08:00:00 09:40:00 40 1
1 2 16 1 08:00:00 09:55:00 40 1
1 2 17 1 08:00:00 10:00:00 40 1
1 2 18 1 08:00:00 09:00:00 40 1
1 2 19 1 08:00:00 08:55:00 40 1
2 2 8 1 08:00:00 09:00:00 40 1
2 2 9 2 08:00:00 09:00:00 40 1
2 2 10 2 08:00:00 08:35:00 40 1
2 2 11 2 08:00:00 08:30:00 40 1
2 2 12 2 08:00:00 08:50:00 40 1
2 2 13 1 08:00:00 08:45:00 40 1
2 2 14 2 08:00:00 08:40:00 40 1
2 2 15 1 08:00:00 09:10:00 40 1
2 2 16 1 08:00:00 09:30:00 40 1
2 2 17 1 08:00:00 09:35:00 40 1
2 2 18 1 08:00:00 08:50:00 40 1
2 2 19 1 08:00:00 08:40:00 40 1
3 2 8 1 08:00:00 08:55:00 40 1
3 2 9 2 08:00:00 08:35:00 40 1
3 2 10 2 08:00:00 08:40:00 40 1
3 2 11 2 08:00:00 08:51:00 40 1
3 2 12 2 08:00:00 08:35:00 40 1
3 2 13 1 08:00:00 08:50:00 40 1
3 2 14 2 08:00:00 09:00:00 40 1
3 2 15 1 08:00:00 09:35:00 40 1
3 2 16 1 08:00:00 09:50:00 40 1
3 2 17 1 08:00:00 10:00:00 40 1
3 2 18 1 08:00:00 08:50:00 40 1
3 2 19 1 08:00:00 09:00:00 40 1
4 2 8 1 08:00:00 09:20:00 40 1
4 2 9 2 08:00:00 09:10:00 40 1
4 2 10 2 08:00:00 08:50:00 40 1
4 2 11 2 08:00:00 08:35:00 40 1
4 2 12 2 08:00:00 08:58:00 40 1
4 2 13 1 08:00:00 08:45:00 40 1
4 2 14 2 08:00:00 08:30:00 40 1
4 2 15 1 08:00:00 09:00:00 40 1
4 2 16 1 08:00:00 09:20:00 40 1
4 2 17 1 08:00:00 09:22:00 40 1
4 2 18 1 08:00:00 08:50:00 40 1
4 2 19 1 08:00:00 08:50:00 40 1
5 1 8 1 08:00:00 09:45:00 40 1
5 1 9 2 08:00:00 09:30:00 40 1
5 1 10 2 08:00:00 09:15:00 40 1
5 1 11 2 08:00:00 09:05:00 40 1
5 1 12 2 08:00:00 09:15:00 40 1
5 1 13 1 08:00:00 08:58:00 40 1
5 1 14 2 08:00:00 08:40:00 40 1
5 1 15 1 08:00:00 08:37:00 40 1
5 1 16 1 08:00:00 08:51:00 40 1
5 1 17 1 08:00:00 09:00:00 40 1
5 1 18 1 08:00:00 09:05:00 40 1
5 1 19 1 08:00:00 09:12:00 40 1
6 1 8 1 08:00:00 10:10:00 40 1
6 1 9 2 08:00:00 10:00:00 40 1
6 1 10 2 08:00:00 09:42:00 40 1
6 1 11 2 08:00:00 09:30:00 40 1
6 1 12 2 08:00:00 09:50:00 40 1
6 1 13 1 08:00:00 09:23:00 40 1
6 1 14 2 08:00:00 09:10:00 40 1
6 1 15 1 08:00:00 08:40:00 40 1
6 1 16 1 08:00:00 08:35:00 40 1
6 1 17 1 08:00:00 08:30:00 40 1
6 1 18 1 08:00:00 09:30:00 40 1
6 1 19 1 08:00:00 09:40:00 40 1
7 1 8 1 08:00:00 09:35:00 40 1
7 1 9 2 08:00:00 09:15:00 40 1
7 1 10 2 08:00:00 09:05:00 40 1
7 1 11 2 08:00:00 09:05:00 40 1
7 1 12 2 08:00:00 09:00:00 40 1
7 1 13 1 08:00:00 08:40:00 40 1
7 1 14 2 08:00:00 08:50:00 40 1
7 1 15 1 08:00:00 09:12:00 40 1
7 1 16 1 08:00:00 09:25:00 40 1
7 1 17 1 08:00:00 09:30:00 40 1
7 1 18 1 08:00:00 08:40:00 40 1
7 1 19 1 08:00:00 09:20:00 40 1
0 3 8 1 08:00:00 08:45:00 40 1
0 3 9 2 08:00:00 09:00:00 40 1
0 3 10 2 08:00:00 08:40:00 40 1
0 3 11 2 08:00:00 08:40:00 40 1
0 3 12 2 08:00:00 09:00:00 40 1
0 3 13 1 08:00:00 09:05:00 40 1
0 3 14 2 08:00:00 09:05:00 40 1
0 3 15 1 08:00:00 09:35:00 40 1
0 3 16 1 08:00:00 09:50:00 40 1
0 3 17 1 08:00:00 10:00:00 40 1
0 3 18 1 08:00:00 09:10:00 40 1
0 3 19 1 08:00:00 08:30:00 40 1
1 2 8 1 08:00:00 08:40:00 40 1
1 2 9 2 08:00:00 08:35:00 40 1
1 2 10 2 08:00:00 08:35:00 40 1
1 2 11 2 08:00:00 08:50:00 40 1
1 2 12 2 08:00:00 08:45:00 40 1
1 2 13 1 08:00:00 08:55:00 40 1
1 2 14 2 08:00:00 09:10:00 40 1
1 2 15 1 08:00:00 09:40:00 40 1
