1 2 8 1 08:00:00 09:00:00 40 1
1 2 9 2 08:00:00 09:00:00 40 1
1 2 10 2 08:00:00 09:00:00 40 1
1 2 11 2 08:00:00 09:00:00 40 1
1 2 12 2 08:00:00 09:00:00 40 1
1 2 13 1 08:00:00 09:00:00 40 1
1 2 14 2 08:00:00 09:00:00 40 1
1 2 15 1 08:00:00 09:00:00 40 1
1 2 16 1 08:00:00 09:00:00 40 1
1 2 17 1 08:00:00 09:00:00 40 1
1 2 18 1 08:00:00 09:00:00 40 1
1 2 19 1 08:00:00 09:00:00 40 1
3 2 8 1 08:00:00 09:00:00 40 1
3 2 9 2 08:00:00 09:00:00 40 1
3 2 10 2 08:00:00 09:00:00 40 1
3 2 11 2 08:00:00 09:00:00 40 1
3 2 12 2 08:00:00 09:00:00 40 1
3 2 13 1 08:00:00 09:00:00 40 1
3 2 14 2 08:00:00 09:00:00 40 1
3 2 15 1 08:00:00 09:00:00 40 1
3 2 16 1 08:00:00 09:00:00 40 1
3 2 17 1 08:00:00 09:00:00 40 1
3 2 18 1 08:00:00 09:00:00 40 1
3 2 19 1 08:00:00 09:00:00 40 1
5 1 8 1 08:00:00 09:00:00 40 1
5 1 9 2 08:00:00 09:00:00 40 1
5 1 10 2 08:00:00 09:00:00 40 1
5 1 11 2 08:00:00 09:00:00 40 1
5 1 12 2 08:00:00 09:00:00 40 1
5 1 13 1 08:00:00 09:00:00 40 1
5 1 14 2 08:00:00 09:00:00 40 1
5 1 15 1 08:00:00 09:00:00 40 1
5 1 16 1 08:00:00 09:00:00 40 1
5 1 17 1 08:00:00 09:00:00 40 1
5 1 18 1 08:00:00 09:00:00 40 1
5 1 19 1 08:00:00 09:00:00 40 1
7 1 8 1 08:00:00 09:00:00 40 1
7 1 9 2 08:00:00 09:00:00 40 1
7 1 10 2 08:00:00 09:00:00 40 1
7 1 11 2 08:00:00 09:00:00 40 1
7 1 12 2 08:00:00 09:00:00 40 1
7 1 13 1 08:00:00 09:00:00 40 1
7 1 14 2 08:00:00 09:00:00 40 1
7 1 15 1 08:00:00 09:00:00 40 1
7 1 16 1 08:00:00 09:00:00 40 1
7 1 17 1 08:00:00 09:00:00 40 1
7 1 18 1 08:00:00 09:00:00 40 1
7 1 19 1 08:00:00 09:00:00 40 1
