1 2 11 2 08:00:00 08:42:00 40 1
1 2 12 2 08:00:00 08:42:00 40 1
1 2 13 1 08:00:00 09:10:00 40 1
1 2 14 2 08:00:00 09:00:00 40 1
1 2 15 2 08:00:00 08:45:00 40 1
1 2 16 2 08:00:00 08:35:00 40 1
1 2 17 2 08:00:00 08:55:00 40 1
1 2 20 1 08:00:00 09:02:00 40 1
1 2 21 2 08:00:00 08:25:00 40 1
1 2 22 2 08:00:00 09:07:00 40 1
1 2 23 1 08:00:00 08:55:00 40 1
1 2 24 2 08:00:00 08:40:00 40 1
2 2 11 2 08:00:00 08:40:00 40 1
2 2 12 2 08:00:00 08:30:00 40 1
2 2 13 1 08:00:00 09:00:00 40 1
2 2 14 2 08:00:00 08:50:00 40 1
2 2 15 2 08:00:00 08:55:00 40 1
2 2 16 2 08:00:00 08:25:00 40 1
2 2 17 2 08:00:00 08:45:00 40 1
2 2 20 1 08:00:00 08:57:00 40 1
2 2 21 2 08:00:00 08:35:00 40 1
2 2 22 2 08:00:00 08:50:00 40 1
2 2 23 1 08:00:00 08:40:00 40 1
2 2 24 2 08:00:00 08:30:00 40 1
3 3 11 2 08:00:00 08:50:00 40 1
3 3 12 2 08:00:00 08:50:00 40 1
3 3 13 1 08:00:00 08:35:00 40 1
3 3 14 2 08:00:00 08:30:00 40 1
3 3 15 2 08:00:00 09:05:00 40 1
3 3 16 2 08:00:00 08:50:00 40 1
3 3 17 2 08:00:00 08:35:00 40 1
3 3 20 1 08:00:00 08:45:00 40 1
3 3 21 2 08:00:00 09:00:00 40 1
3 3 22 2 08:00:00 08:55:00 40 1
3 3 23 1 08:00:00 09:20:00 40 1
3 3 24 2 08:00:00 09:00:00 40 1
4 3 11 2 08:00:00 08:50:00 40 1
4 3 12 2 08:00:00 09:00:00 40 1
4 3 13 1 08:00:00 08:37:00 40 1
4 3 14 2 08:00:00 08:55:00 40 1
4 3 15 2 08:00:00 08:55:00 40 1
4 3 16 2 08:00:00 09:00:00 40 1
4 3 17 2 08:00:00 08:55:00 40 1
4 3 20 1 08:00:00 09:05:00 40 1
4 3 21 2 08:00:00 09:05:00 40 1
4 3 22 2 08:00:00 08:45:00 40 1
4 3 23 1 08:00:00 09:15:00 40 1
4 3 24 2 08:00:00 09:10:00 40 1
5 1 11 2 08:00:00 08:45:00 40 1
5 1 12 2 08:00:00 09:00:00 40 1
5 1 13 1 08:00:00 09:40:00 40 1
5 1 14 2 08:00:00 09:05:00 40 1
5 1 15 2 08:00:00 08:35:00 40 1
5 1 16 2 08:00:00 08:50:00 40 1
5 1 17 2 08:00:00 09:00:00 40 1
5 1 20 1 08:00:00 09:15:00 40 1
5 1 21 2 08:00:00 08:45:00 40 1
5 1 22 2 08:00:00 10:00:00 40 1
5 1 23 1 08:00:00 09:20:00 40 1
5 1 24 2 08:00:00 09:40:00 40 1
6 2 11 2 08:00:00 08:45:00 40 1
6 2 12 2 08:00:00 08:45:00 40 1
6 2 13 1 08:00:00 08:45:00 40 1
6 2 14 2 08:00:00 08:40:00 40 1
6 2 15 2 08:00:00 09:00:00 40 1
6 2 16 2 08:00:00 08:45:00 40 1
6 2 17 2 08:00:00 08:35:00 40 1
6 2 20 1 08:00:00 08:45:00 40 1
6 2 21 2 08:00:00 08:55:00 40 1
6 2 22 2 08:00:00 08:45:00 40 1
6 2 23 1 08:00:00 08:50:00 40 1
6 2 24 2 08:00:00 08:55:00 40 1
9 2 11 2 08:00:00 08:45:00 40 1
9 2 12 2 08:00:00 08:45:00 40 1
9 2 13 1 08:00:00 09:05:00 40 1
9 2 14 2 08:00:00 09:00:00 40 1
9 2 15 2 08:00:00 08:55:00 40 1
9 2 16 2 08:00:00 08:35:00 40 1
9 2 17 2 08:00:00 08:55:00 40 1
9 2 20 1 08:00:00 09:00:00 40 1
9 2 21 2 08:00:00 08:22:00 40 1
9 2 22 2 08:00:00 08:55:00 40 1
9 2 23 1 08:00:00 08:55:00 40 1
9 2 24 2 08:00:00 08:35:00 40 1
10 1 11 2 08:00:00 08:55:00 40 1
10 1 12 2 08:00:00 08:35:00 40 1
10 1 13 1 08:00:00 08:50:00 40 1
10 1 14 2 08:00:00 08:45:00 40 1
10 1 15 2 08:00:00 08:55:00 40 1
10 1 16 2 08:00:00 08:35:00 40 1
10 1 17 2 08:00:00 09:00:00 40 1
10 1 20 1 08:00:00 08:50:00 40 1
10 1 21 2 08:00:00 09:10:00 40 1
10 1 22 2 08:00:00 09:25:00 40 1
10 1 23 1 08:00:00 08:50:00 40 1
10 1 24 2 08:00:00 09:00:00 40 1
1 2 11 2 08:00:00 08:42:00 40 1
1 2 12 2 08:00:00 08:42:00 40 1
1 2 13 1 08:00:00 09:10:00 40 1
1 2 14 2 08:00:00 09:00:00 40 1
1 2 15 2 08:00:00 08:45:00 40 1
1 2 16 2 08:00:00 08:35:00 40 1
1 2 17 2 08:00:00 08:55:00 40 1
1 2 20 1 08:00:00 09:02:00 40 1
1 2 21 2 08:00:00 08:25:00 40 1
1 2 22 2 08:00:00 09:07:00 40 1
1 2 23 1 08:00:00 08:55:00 40 1
1 2 24 2 08:00:00 08:40:00 40 1
2 2 11 2 08:00:00 08:40:00 40 1
2 2 12 2 08:00:00 08:30:00 40 1
2 2 13 1 08:00:00 09:00:00 40 1
2 2 14 2 08:00:00 08:50:00 40 1
2 2 15 2 08:00:00 08:55:00 40 1
2 2 16 2 08:00:00 08:25:00 40 1
2 2 17 2 08:00:00 08:45:00 40 1
2 2 20 1 08:00:00 08:57:00 40 1
2 2 21 2 08:00:00 08:35:00 40 1
2 2 22 2 08:00:00 08:50:00 40 1
2 2 23 1 08:00:00 08:40:00 40 1
2 2 24 2 08:00:00 08:30:00 40 1
3 3 11 2 08:00:00 08:50:00 40 1
3 3 12 2 08:00:00 08:50:00 40 1
3 3 13 1 08:00:00 08:35:00 40 1
3 3 14 2 08:00:00 08:30:00 40 1
3 3 15 2 08:00:00 09:05:00 40 1
3 3 16 2 08:00:00 08:50:00 40 1
3 3 17 2 08:00:00 08:35:00 40 1
3 3 20 1 08:00:00 08:45:00 40 1
3 3 21 2 08:00:00 09:00:00 40 1
3 3 22 2 08:00:00 08:55:00 40 1
3 3 23 1 08:00:00 09:20:00 40 1
3 3 24 2 08:00:00 09:00:00 40 1
4 3 11 2 08:00:00 08:50:00 40 1
4 3 12 2 08:00:00 09:00:00 40 1
4 3 13 1 08:00:00 08:37:00 40 1
4 3 14 2 08:00:00 08:55:00 40 1
4 3 15 2 08:00:00 08:55:00 40 1
4 3 16 2 08:00:00 09:00:00 40 1
4 3 17 2 08:00:00 08:55:00 40 1
4 3 20 1 08:00:00 09:05:00 40 1
4 3 21 2 08:00:00 09:05:00 40 1
4 3 22 2 08:00:00 08:45:00 40 1
4 3 23 1 08:00:00 09:15:00 40 1
4 3 24 2 08:00:00 09:10:00 40 1
5 1 11 2 08:00:00 08:45:00 40 1
5 1 12 2 08:00:00 09:00:00 40 1
5 1 13 1 08:00:00 09:40:00 40 1
5 1 14 2 08:00:00 09:05:00 40 1
5 1 15 2 08:00:00 08:35:00 40 1
5 1 16 2 08:00:00 08:50:00 40 1
5 1 17 2 08:00:00 09:00:00 40 1
5 1 20 1 08:00:00 09:15:00 40 1
5 1 21 2 08:00:00 08:45:00 40 1
5 1 22 2 08:00:00 10:00:00 40 1
5 1 23 1 08:00:00 09:20:00 40 1
5 1 24 2 08:00:00 09:40:00 40 1
6 2 11 2 08:00:00 08:45:00 40 1
6 2 12 2 08:00:00 08:45:00 40 1
6 2 13 1 08:00:00 08:45:00 40 1
6 2 14 2 08:00:00 08:40:00 40 1
6 2 15 2 08:00:00 09:00:00 40 1
6 2 16 2 08:00:00 08:45:00 40 1
6 2 17 2 08:00:00 08:35:00 40 1
6 2 20 1 08:00:00 08:45:00 40 1
6 2 21 2 08:00:00 08:55:00 40 1
6 2 22 2 08:00:00 08:45:00 40 1
6 2 23 1 08:00:00 08:50:00 40 1
6 2 24 2 08:00:00 08:55:00 40 1
9 2 11 2 08:00:00 08:45:00 40 1
9 2 12 2 08:00:00 08:45:00 40 1
9 2 13 1 08:00:00 09:05:00 40 1
9 2 14 2 08:00:00 09:00:00 40 1
9 2 15 2 08:00:00 08:55:00 40 1
9 2 16 2 08:00:00 08:35:00 40 1
9 2 17 2 08:00:00 08:55:00 40 1
9 2 20 1 08:00:00 09:00:00 40 1
9 2 21 2 08:00:00 08:22:00 40 1
9 2 22 2 08:00:00 08:55:00 40 1
9 2 23 1 08:00:00 08:55:00 40 1
9 2 24 2 08:00:00 08:35:00 40 1
10 1 11 2 08:00:00 08:55:00 40 1
10 1 12 2 08:00:00 08:35:00 40 1
10 1 13 1 08:00:00 08:50:00 40 1
10 1 14 2 08:00:00 08:45:00 40 1
10 1 15 2 08:00:00 08:55:00 40 1
10 1 16 2 08:00:00 08:35:00 40 1
10 1 17 2 08:00:00 09:00:00 40 1
10 1 20 1 08:00:00 08:50:00 40 1
10 1 21 2 08:00:00 09:10:00 40 1
10 1 22 2 08:00:00 09:25:00 40 1
10 1 23 1 08:00:00 08:50:00 40 1
10 1 24 2 08:00:00 09:00:00 40 1
1 2 11 2 08:00:00 08:42:00 40 1
1 2 12 2 08:00:00 08:42:00 40 1
1 2 13 1 08:00:00 09:10:00 40 1
1 2 14 2 08:00:00 09:00:00 40 1
1 2 15 2 08:00:00 08:45:00 40 1
1 2 16 2 08:00:00 08:35:00 40 1
1 2 17 2 08:00:00 08:55:00 40 1
1 2 20 1 08:00:00 09:02:00 40 1
1 2 21 2 08:00:00 08:25:00 40 1
1 2 22 2 08:00:00 09:07:00 40 1
1 2 23 1 08:00:00 08:55:00 40 1
1 2 24 2 08:00:00 08:40:00 40 1
2 2 11 2 08:00:00 08:40:00 40 1
2 2 12 2 08:00:00 08:30:00 40 1
2 2 13 1 08:00:00 09:00:00 40 1
2 2 14 2 08:00:00 08:50:00 40 1
2 2 15 2 08:00:00 08:55:00 40 1
2 2 16 2 08:00:00 08:25:00 40 1
2 2 17 2 08:00:00 08:45:00 40 1
2 2 20 1 08:00:00 08:57:00 40 1
2 2 21 2 08:00:00 08:35:00 40 1
2 2 22 2 08:00:00 08:50:00 40 1
2 2 23 1 08:00:00 08:40:00 40 1
2 2 24 2 08:00:00 08:30:00 40 1
3 3 11 2 08:00:00 08:50:00 40 1
3 3 12 2 08:00:00 08:50:00 40 1
3 3 13 1 08:00:00 08:35:00 40 1
3 3 14 2 08:00:00 08:30:00 40 1
3 3 15 2 08:00:00 09:05:00 40 1
3 3 16 2 08:00:00 08:50:00 40 1
3 3 17 2 08:00:00 08:35:00 40 1
3 3 20 1 08:00:00 08:45:00 40 1
3 3 21 2 08:00:00 09:00:00 40 1
3 3 22 2 08:00:00 08:55:00 40 1
3 3 23 1 08:00:00 09:20:00 40 1
3 3 24 2 08:00:00 09:00:00 40 1
4 3 11 2 08:00:00 08:50:00 40 1
4 3 12 2 08:00:00 09:00:00 40 1
4 3 13 1 08:00:00 08:37:00 40 1
4 3 14 2 08:00:00 08:55:00 40 1
4 3 15 2 08:00:00 08:55:00 40 1
4 3 16 2 08:00:00 09:00:00 40 1
4 3 17 2 08:00:00 08:55:00 40 1
4 3 20 1 08:00:00 09:05:00 40 1
4 3 21 2 08:00:00 09:05:00 40 1
4 3 22 2 08:00:00 08:45:00 40 1
4 3 23 1 08:00:00 09:15:00 40 1
4 3 24 2 08:00:00 09:10:00 40 1
5 1 11 2 08:00:00 08:45:00 40 1
5 1 12 2 08:00:00 09:00:00 40 1
5 1 13 1 08:00:00 09:40:00 40 1
5 1 14 2 08:00:00 09:05:00 40 1
5 1 15 2 08:00:00 08:35:00 40 1
5 1 16 2 08:00:00 08:50:00 40 1
5 1 17 2 08:00:00 09:00:00 40 1
5 1 20 1 08:00:00 09:15:00 40 1
5 1 21 2 08:00:00 08:45:00 40 1
5 1 22 2 08:00:00 10:00:00 40 1
5 1 23 1 08:00:00 09:20:00 40 1
5 1 24 2 08:00:00 09:40:00 40 1
6 2 11 2 08:00:00 08:45:00 40 1
6 2 12 2 08:00:00 08:45:00 40 1
6 2 13 1 08:00:00 08:45:00 40 1
6 2 14 2 08:00:00 08:40:00 40 1
6 2 15 2 08:00:00 09:00:00 40 1
6 2 16 2 08:00:00 08:45:00 40 1
6 2 17 2 08:00:00 08:35:00 40 1
6 2 20 1 08:00:00 08:45:00 40 1
6 2 21 2 08:00:00 08:55:00 40 1
6 2 22 2 08:00:00 08:45:00 40 1
6 2 23 1 08:00:00 08:50:00 40 1
6 2 24 2 08:00:00 08:55:00 40 1
9 2 11 2 08:00:00 08:45:00 40 1
9 2 12 2 08:00:00 08:45:00 40 1
9 2 13 1 08:00:00 09:05:00 40 1
9 2 14 2 08:00:00 09:00:00 40 1
9 2 15 2 08:00:00 08:55:00 40 1
9 2 16 2 08:00:00 08:35:00 40 1
9 2 17 2 08:00:00 08:55:00 40 1
9 2 20 1 08:00:00 09:00:00 40 1
9 2 21 2 08:00:00 08:22:00 40 1
9 2 22 2 08:00:00 08:55:00 40 1
9 2 23 1 08:00:00 08:55:00 40 1
9 2 24 2 08:00:00 08:35:00 40 1
10 1 11 2 08:00:00 08:55:00 40 1
10 1 12 2 08:00:00 08:35:00 40 1
10 1 13 1 08:00:00 08:50:00 40 1
10 1 14 2 08:00:00 08:45:00 40 1
10 1 15 2 08:00:00 08:55:00 40 1
10 1 16 2 08:00:00 08:35:00 40 1
10 1 17 2 08:00:00 09:00:00 40 1
10 1 20 1 08:00:00 08:50:00 40 1
10 1 21 2 08:00:00 09:10:00 40 1
10 1 22 2 08:00:00 09:25:00 40 1
10 1 23 1 08:00:00 08:50:00 40 1
10 1 24 2 08:00:00 09:00:00 40 1
1 2 11 2 08:00:00 08:42:00 40 1
1 2 12 2 08:00:00 08:42:00 40 1
1 2 13 1 08:00:00 09:10:00 40 1
1 2 14 2 08:00:00 09:00:00 40 1
1 2 15 2 08:00:00 08:45:00 40 1
1 2 16 2 08:00:00 08:35:00 40 1
1 2 17 2 08:00:00 08:55:00 40 1
1 2 20 1 08:00:00 09:02:00 40 1
1 2 21 2 08:00:00 08:25:00 40 1
1 2 22 2 08:00:00 09:07:00 40 1
1 2 23 1 08:00:00 08:55:00 40 1
1 2 24 2 08:00:00 08:40:00 40 1
2 2 11 2 08:00:00 08:40:00 40 1
2 2 12 2 08:00:00 08:30:00 40 1
2 2 13 1 08:00:00 09:00:00 40 1
2 2 14 2 08:00:00 08:50:00 40 1
2 2 15 2 08:00:00 08:55:00 40 1
2 2 16 2 08:00:00 08:25:00 40 1
2 2 17 2 08:00:00 08:45:00 40 1
2 2 20 1 08:00:00 08:57:00 40 1
2 2 21 2 08:00:00 08:35:00 40 1
2 2 22 2 08:00:00 08:50:00 40 1
2 2 23 1 08:00:00 08:40:00 40 1
2 2 24 2 08:00:00 08:30:00 40 1
3 3 11 2 08:00:00 08:50:00 40 1
3 3 12 2 08:00:00 08:50:00 40 1
3 3 13 1 08:00:00 08:35:00 40 1
3 3 14 2 08:00:00 08:30:00 40 1
3 3 15 2 08:00:00 09:05:00 40 1
3 3 16 2 08:00:00 08:50:00 40 1
3 3 17 2 08:00:00 08:35:00 40 1
3 3 20 1 08:00:00 08:45:00 40 1
3 3 21 2 08:00:00 09:00:00 40 1
3 3 22 2 08:00:00 08:55:00 40 1
3 3 23 1 08:00:00 09:20:00 40 1
3 3 24 2 08:00:00 09:00:00 40 1
4 3 11 2 08:00:00 08:50:00 40 1
4 3 12 2 08:00:00 09:00:00 40 1
4 3 13 1 08:00:00 08:37:00 40 1
4 3 14 2 08:00:00 08:55:00 40 1
4 3 15 2 08:00:00 08:55:00 40 1
4 3 16 2 08:00:00 09:00:00 40 1
4 3 17 2 08:00:00 08:55:00 40 1
4 3 20 1 08:00:00 09:05:00 40 1
4 3 21 2 08:00:00 09:05:00 40 1
4 3 22 2 08:00:00 08:45:00 40 1
4 3 23 1 08:00:00 09:15:00 40 1
4 3 24 2 08:00:00 09:10:00 40 1
5 1 11 2 08:00:00 08:45:00 40 1
5 1 12 2 08:00:00 09:00:00 40 1
5 1 13 1 08:00:00 09:40:00 40 1
5 1 14 2 08:00:00 09:05:00 40 1
5 1 15 2 08:00:00 08:35:00 40 1
5 1 16 2 08:00:00 08:50:00 40 1
5 1 17 2 08:00:00 09:00:00 40 1
5 1 20 1 08:00:00 09:15:00 40 1
5 1 21 2 08:00:00 08:45:00 40 1
5 1 22 2 08:00:00 10:00:00 40 1
5 1 23 1 08:00:00 09:20:00 40 1
5 1 24 2 08:00:00 09:40:00 40 1
6 2 11 2 08:00:00 08:45:00 40 1
6 2 12 2 08:00:00 08:45:00 40 1
6 2 13 1 08:00:00 08:45:00 40 1
6 2 14 2 08:00:00 08:40:00 40 1
6 2 15 2 08:00:00 09:00:00 40 1
6 2 16 2 08:00:00 08:45:00 40 1
6 2 17 2 08:00:00 08:35:00 40 1
6 2 20 1 08:00:00 08:45:00 40 1
6 2 21 2 08:00:00 08:55:00 40 1
6 2 22 2 08:00:00 08:45:00 40 1
6 2 23 1 08:00:00 08:50:00 40 1
6 2 24 2 08:00:00 08:55:00 40 1
9 2 11 2 08:00:00 08:45:00 40 1
9 2 12 2 08:00:00 08:45:00 40 1
9 2 13 1 08:00:00 09:05:00 40 1
9 2 14 2 08:00:00 09:00:00 40 1
9 2 15 2 08:00:00 08:55:00 40 1
9 2 16 2 08:00:00 08:35:00 40 1
9 2 17 2 08:00:00 08:55:00 40 1
9 2 20 1 08:00:00 09:00:00 40 1
9 2 21 2 08:00:00 08:22:00 40 1
9 2 22 2 08:00:00 08:55:00 40 1
9 2 23 1 08:00:00 08:55:00 40 1
9 2 24 2 08:00:00 08:35:00 40 1
10 1 11 2 08:00:00 08:55:00 40 1
10 1 12 2 08:00:00 08:35:00 40 1
10 1 13 1 08:00:00 08:50:00 40 1
10 1 14 2 08:00:00 08:45:00 40 1
10 1 15 2 08:00:00 08:55:00 40 1
10 1 16 2 08:00:00 08:35:00 40 1
10 1 17 2 08:00:00 09:00:00 40 1
10 1 20 1 08:00:00 08:50:00 40 1
10 1 21 2 08:00:00 09:10:00 40 1
10 1 22 2 08:00:00 09:25:00 40 1
10 1 23 1 08:00:00 08:50:00 40 1
10 1 24 2 08:00:00 09:00:00 40 1
1 2 11 2 08:00:00 08:42:00 40 1
1 2 12 2 08:00:00 08:42:00 40 1
1 2 13 1 08:00:00 09:10:00 40 1
1 2 14 2 08:00:00 09:00:00 40 1
1 2 15 2 08:00:00 08:45:00 40 1
1 2 16 2 08:00:00 08:35:00 40 1
1 2 17 2 08:00:00 08:55:00 40 1
1 2 20 1 08:00:00 09:02:00 40 1
1 2 21 2 08:00:00 08:25:00 40 1
1 2 22 2 08:00:00 09:07:00 40 1
1 2 23 1 08:00:00 08:55:00 40 1
1 2 24 2 08:00:00 08:40:00 40 1
2 2 11 2 08:00:00 08:40:00 40 1
2 2 12 2 08:00:00 08:30:00 40 1
2 2 13 1 08:00:00 09:00:00 40 1
2 2 14 2 08:00:00 08:50:00 40 1
2 2 15 2 08:00:00 08:55:00 40 1
2 2 16 2 08:00:00 08:25:00 40 1
2 2 17 2 08:00:00 08:45:00 40 1
2 2 20 1 08:00:00 08:57:00 40 1
2 2 21 2 08:00:00 08:35:00 40 1
2 2 22 2 08:00:00 08:50:00 40 1
2 2 23 1 08:00:00 08:40:00 40 1
2 2 24 2 08:00:00 08:30:00 40 1
3 3 11 2 08:00:00 08:50:00 40 1
3 3 12 2 08:00:00 08:50:00 40 1
3 3 13 1 08:00:00 08:35:00 40 1
3 3 14 2 08:00:00 08:30:00 40 1
3 3 15 2 08:00:00 09:05:00 40 1
3 3 16 2 08:00:00 08:50:00 40 1
3 3 17 2 08:00:00 08:35:00 40 1
3 3 20 1 08:00:00 08:45:00 40 1
3 3 21 2 08:00:00 09:00:00 40 1
3 3 22 2 08:00:00 08:55:00 40 1
3 3 23 1 08:00:00 09:20:00 40 1
3 3 24 2 08:00:00 09:00:00 40 1
4 3 11 2 08:00:00 08:50:00 40 1
4 3 12 2 08:00:00 09:00:00 40 1
4 3 13 1 08:00:00 08:37:00 40 1
4 3 14 2 08:00:00 08:55:00 40 1
4 3 15 2 08:00:00 08:55:00 40 1
4 3 16 2 08:00:00 09:00:00 40 1
4 3 17 2 08:00:00 08:55:00 40 1
4 3 20 1 08:00:00 09:05:00 40 1
4 3 21 2 08:00:00 09:05:00 40 1
4 3 22 2 08:00:00 08:45:00 40 1
4 3 23 1 08:00:00 09:15:00 40 1
4 3 24 2 08:00:00 09:10:00 40 1
5 1 11 2 08:00:00 08:45:00 40 1
5 1 12 2 08:00:00 09:00:00 40 1
5 1 13 1 08:00:00 09:40:00 40 1
5 1 14 2 08:00:00 09:05:00 40 1
5 1 15 2 08:00:00 08:35:00 40 1
5 1 16 2 08:00:00 08:50:00 40 1
5 1 17 2 08:00:00 09:00:00 40 1
5 1 20 1 08:00:00 09:15:00 40 1
5 1 21 2 08:00:00 08:45:00 40 1
5 1 22 2 08:00:00 10:00:00 40 1
5 1 23 1 08:00:00 09:20:00 40 1
5 1 24 2 08:00:00 09:40:00 40 1
6 2 11 2 08:00:00 08:45:00 40 1
6 2 12 2 08:00:00 08:45:00 40 1
6 2 13 1 08:00:00 08:45:00 40 1
6 2 14 2 08:00:00 08:40:00 40 1
6 2 15 2 08:00:00 09:00:00 40 1
6 2 16 2 08:00:00 08:45:00 40 1
6 2 17 2 08:00:00 08:35:00 40 1
6 2 20 1 08:00:00 08:45:00 40 1
6 2 21 2 08:00:00 08:55:00 40 1
6 2 22 2 08:00:00 08:45:00 40 1
6 2 23 1 08:00:00 08:50:00 40 1
6 2 24 2 08:00:00 08:55:00 40 1
9 2 11 2 08:00:00 08:45:00 40 1
9 2 12 2 08:00:00 08:45:00 40 1
9 2 13 1 08:00:00 09:05:00 40 1
9 2 14 2 08:00:00 09:00:00 40 1
9 2 15 2 08:00:00 08:55:00 40 1
9 2 16 2 08:00:00 08:35:00 40 1
9 2 17 2 08:00:00 08:55:00 40 1
9 2 20 1 08:00:00 09:00:00 40 1
9 2 21 2 08:00:00 08:22:00 40 1
9 2 22 2 08:00:00 08:55:00 40 1
9 2 23 1 08:00:00 08:55:00 40 1
9 2 24 2 08:00:00 08:35:00 40 1
10 1 11 2 08:00:00 08:55:00 40 1
10 1 12 2 08:00:00 08:35:00 40 1
10 1 13 1 08:00:00 08:50:00 40 1
10 1 14 2 08:00:00 08:45:00 40 1
10 1 15 2 08:00:00 08:55:00 40 1
10 1 16 2 08:00:00 08:35:00 40 1
10 1 17 2 08:00:00 09:00:00 40 1
10 1 20 1 08:00:00 08:50:00 40 1
10 1 21 2 08:00:00 09:10:00 40 1
10 1 22 2 08:00:00 09:25:00 40 1
10 1 23 1 08:00:00 08:50:00 40 1
10 1 24 2 08:00:00 09:00:00 40 1
1 2 11 2 08:00:00 08:42:00 40 1
1 2 12 2 08:00:00 08:42:00 40 1
1 2 13 1 08:00:00 09:10:00 40 1
1 2 14 2 08:00:00 09:00:00 40 1
1 2 15 2 08:00:00 08:45:00 40 1
1 2 16 2 08:00:00 08:35:00 40 1
1 2 17 2 08:00:00 08:55:00 40 1
1 2 20 1 08:00:00 09:02:00 40 1
1 2 21 2 08:00:00 08:25:00 40 1
1 2 22 2 08:00:00 09:07:00 40 1
1 2 23 1 08:00:00 08:55:00 40 1
1 2 24 2 08:00:00 08:40:00 40 1
2 2 11 2 08:00:00 08:40:00 40 1
2 2 12 2 08:00:00 08:30:00 40 1
2 2 13 1 08:00:00 09:00:00 40 1
2 2 14 2 08:00:00 08:50:00 40 1
2 2 15 2 08:00:00 08:55:00 40 1
2 2 16 2 08:00:00 08:25:00 40 1
2 2 17 2 08:00:00 08:45:00 40 1
2 2 20 1 08:00:00 08:57:00 40 1
