1 2 11 2 08:00:00 08:42:00 40 1
1 2 12 2 08:00:00 08:42:00 40 1
1 2 13 1 08:00:00 09:10:00 40 1
1 2 14 2 08:00:00 09:00:00 40 1
1 2 15 2 08:00:00 08:45:00 40 1
1 2 16 2 08:00:00 08:35:00 40 1
1 2 17 2 08:00:00 08:55:00 40 1
1 2 20 1 08:00:00 09:02:00 40 1
1 2 21 2 08:00:00 08:25:00 40 1
1 2 22 2 08:00:00 09:07:00 40 1
1 2 23 1 08:00:00 08:55:00 40 1
1 2 24 2 08:00:00 08:40:00 40 1
2 2 11 2 08:00:00 08:40:00 40 1
2 2 12 2 08:00:00 08:30:00 40 1
2 2 13 1 08:00:00 09:00:00 40 1
2 2 14 2 08:00:00 08:50:00 40 1
2 2 15 2 08:00:00 08:55:00 40 1
2 2 16 2 08:00:00 08:25:00 40 1
2 2 17 2 08:00:00 08:45:00 40 1
2 2 20 1 08:00:00 08:57:00 40 1
2 2 21 2 08:00:00 08:35:00 40 1
2 2 22 2 08:00:00 08:50:00 40 1
2 2 23 1 08:00:00 08:40:00 40 1
2 2 24 2 08:00:00 08:30:00 40 1
3 3 11 2 08:00:00 08:50:00 40 1
3 3 12 2 08:00:00 08:50:00 40 1
3 3 13 1 08:00:00 08:35:00 40 1
3 3 14 2 08:00:00 08:30:00 40 1
3 3 15 2 08:00:00 09:05:00 40 1
3 3 16 2 08:00:00 08:50:00 40 1
3 3 17 2 08:00:00 08:35:00 40 1
3 3 20 1 08:00:00 08:45:00 40 1
3 3 21 2 08:00:00 09:00:00 40 1
3 3 22 2 08:00:00 08:55:00 40 1
3 3 23 1 08:00:00 09:20:00 40 1
3 3 24 2 08:00:00 09:00:00 40 1
6 2 11 2 08:00:00 08:45:00 40 1
6 2 12 2 08:00:00 08:45:00 40 1
6 2 13 1 08:00:00 08:45:00 40 1
6 2 14 2 08:00:00 08:40:00 40 1
6 2 15 2 08:00:00 09:00:00 40 1
6 2 16 2 08:00:00 08:45:00 40 1
6 2 17 2 08:00:00 08:35:00 40 1
6 2 20 1 08:00:00 08:45:00 40 1
6 2 21 2 08:00:00 08:55:00 40 1
6 2 22 2 08:00:00 08:45:00 40 1
6 2 23 1 08:00:00 08:50:00 40 1
6 2 24 2 08:00:00 08:55:00 40 1
1 2 11 2 08:00:00 08:42:00 40 1
1 2 12 2 08:00:00 08:42:00 40 1
1 2 13 1 08:00:00 09:10:00 40 1
1 2 14 2 08:00:00 09:00:00 40 1
1 2 15 2 08:00:00 08:45:00 40 1
1 2 16 2 08:00:00 08:35:00 40 1
1 2 17 2 08:00:00 08:55:00 40 1
1 2 20 1 08:00:00 09:02:00 40 1
1 2 21 2 08:00:00 08:25:00 40 1
1 2 22 2 08:00:00 09:07:00 40 1
1 2 23 1 08:00:00 08:55:00 40 1
1 2 24 2 08:00:00 08:40:00 40 1
2 2 11 2 08:00:00 08:40:00 40 1
2 2 12 2 08:00:00 08:30:00 40 1
2 2 13 1 08:00:00 09:00:00 40 1
2 2 14 2 08:00:00 08:50:00 40 1
2 2 15 2 08:00:00 08:55:00 40 1
2 2 16 2 08:00:00 08:25:00 40 1
2 2 17 2 08:00:00 08:45:00 40 1
2 2 20 1 08:00:00 08:57:00 40 1
2 2 21 2 08:00:00 08:35:00 40 1
2 2 22 2 08:00:00 08:50:00 40 1
2 2 23 1 08:00:00 08:40:00 40 1
2 2 24 2 08:00:00 08:30:00 40 1
3 3 11 2 08:00:00 08:50:00 40 1
3 3 12 2 08:00:00 08:50:00 40 1
3 3 13 1 08:00:00 08:35:00 40 1
3 3 14 2 08:00:00 08:30:00 40 1
3 3 15 2 08:00:00 09:05:00 40 1
3 3 16 2 08:00:00 08:50:00 40 1
3 3 17 2 08:00:00 08:35:00 40 1
3 3 20 1 08:00:00 08:45:00 40 1
3 3 21 2 08:00:00 09:00:00 40 1
3 3 22 2 08:00:00 08:55:00 40 1
3 3 23 1 08:00:00 09:20:00 40 1
3 3 24 2 08:00:00 09:00:00 40 1
6 2 11 2 08:00:00 08:45:00 40 1
6 2 12 2 08:00:00 08:45:00 40 1
6 2 13 1 08:00:00 08:45:00 40 1
6 2 14 2 08:00:00 08:40:00 40 1
6 2 15 2 08:00:00 09:00:00 40 1
6 2 16 2 08:00:00 08:45:00 40 1
6 2 17 2 08:00:00 08:35:00 40 1
6 2 20 1 08:00:00 08:45:00 40 1
6 2 21 2 08:00:00 08:55:00 40 1
6 2 22 2 08:00:00 08:45:00 40 1
6 2 23 1 08:00:00 08:50:00 40 1
6 2 24 2 08:00:00 08:55:00 40 1
1 2 11 2 08:00:00 08:42:00 40 1
1 2 12 2 08:00:00 08:42:00 40 1
1 2 13 1 08:00:00 09:10:00 40 1
1 2 14 2 08:00:00 09:00:00 40 1
1 2 15 2 08:00:00 08:45:00 40 1
1 2 16 2 08:00:00 08:35:00 40 1
1 2 17 2 08:00:00 08:55:00 40 1
1 2 20 1 08:00:00 09:02:00 40 1
1 2 21 2 08:00:00 08:25:00 40 1
1 2 22 2 08:00:00 09:07:00 40 1
1 2 23 1 08:00:00 08:55:00 40 1
1 2 24 2 08:00:00 08:40:00 40 1
2 2 11 2 08:00:00 08:40:00 40 1
2 2 12 2 08:00:00 08:30:00 40 1
2 2 13 1 08:00:00 09:00:00 40 1
2 2 14 2 08:00:00 08:50:00 40 1
2 2 15 2 08:00:00 08:55:00 40 1
2 2 16 2 08:00:00 08:25:00 40 1
2 2 17 2 08:00:00 08:45:00 40 1
2 2 20 1 08:00:00 08:57:00 40 1
2 2 21 2 08:00:00 08:35:00 40 1
2 2 22 2 08:00:00 08:50:00 40 1
2 2 23 1 08:00:00 08:40:00 40 1
2 2 24 2 08:00:00 08:30:00 40 1
3 3 11 2 08:00:00 08:50:00 40 1
3 3 12 2 08:00:00 08:50:00 40 1
3 3 13 1 08:00:00 08:35:00 40 1
3 3 14 2 08:00:00 08:30:00 40 1
3 3 15 2 08:00:00 09:05:00 40 1
3 3 16 2 08:00:00 08:50:00 40 1
3 3 17 2 08:00:00 08:35:00 40 1
3 3 20 1 08:00:00 08:45:00 40 1
3 3 21 2 08:00:00 09:00:00 40 1
3 3 22 2 08:00:00 08:55:00 40 1
3 3 23 1 08:00:00 09:20:00 40 1
3 3 24 2 08:00:00 09:00:00 40 1
6 2 11 2 08:00:00 08:45:00 40 1
6 2 12 2 08:00:00 08:45:00 40 1
6 2 13 1 08:00:00 08:45:00 40 1
6 2 14 2 08:00:00 08:40:00 40 1
6 2 15 2 08:00:00 09:00:00 40 1
6 2 16 2 08:00:00 08:45:00 40 1
6 2 17 2 08:00:00 08:35:00 40 1
6 2 20 1 08:00:00 08:45:00 40 1
6 2 21 2 08:00:00 08:55:00 40 1
6 2 22 2 08:00:00 08:45:00 40 1
6 2 23 1 08:00:00 08:50:00 40 1
6 2 24 2 08:00:00 08:55:00 40 1
1 2 11 2 08:00:00 08:42:00 40 1
1 2 12 2 08:00:00 08:42:00 40 1
1 2 13 1 08:00:00 09:10:00 40 1
1 2 14 2 08:00:00 09:00:00 40 1
1 2 15 2 08:00:00 08:45:00 40 1
1 2 16 2 08:00:00 08:35:00 40 1
1 2 17 2 08:00:00 08:55:00 40 1
1 2 20 1 08:00:00 09:02:00 40 1
1 2 21 2 08:00:00 08:25:00 40 1
1 2 22 2 08:00:00 09:07:00 40 1
1 2 23 1 08:00:00 08:55:00 40 1
1 2 24 2 08:00:00 08:40:00 40 1
2 2 11 2 08:00:00 08:40:00 40 1
2 2 12 2 08:00:00 08:30:00 40 1
2 2 13 1 08:00:00 09:00:00 40 1
2 2 14 2 08:00:00 08:50:00 40 1
2 2 15 2 08:00:00 08:55:00 40 1
2 2 16 2 08:00:00 08:25:00 40 1
2 2 17 2 08:00:00 08:45:00 40 1
2 2 20 1 08:00:00 08:57:00 40 1
2 2 21 2 08:00:00 08:35:00 40 1
2 2 22 2 08:00:00 08:50:00 40 1
2 2 23 1 08:00:00 08:40:00 40 1
2 2 24 2 08:00:00 08:30:00 40 1
3 3 11 2 08:00:00 08:50:00 40 1
3 3 12 2 08:00:00 08:50:00 40 1
3 3 13 1 08:00:00 08:35:00 40 1
3 3 14 2 08:00:00 08:30:00 40 1
3 3 15 2 08:00:00 09:05:00 40 1
3 3 16 2 08:00:00 08:50:00 40 1
3 3 17 2 08:00:00 08:35:00 40 1
3 3 20 1 08:00:00 08:45:00 40 1
3 3 21 2 08:00:00 09:00:00 40 1
3 3 22 2 08:00:00 08:55:00 40 1
3 3 23 1 08:00:00 09:20:00 40 1
3 3 24 2 08:00:00 09:00:00 40 1
6 2 11 2 08:00:00 08:45:00 40 1
6 2 12 2 08:00:00 08:45:00 40 1
6 2 13 1 08:00:00 08:45:00 40 1
6 2 14 2 08:00:00 08:40:00 40 1
6 2 15 2 08:00:00 09:00:00 40 1
6 2 16 2 08:00:00 08:45:00 40 1
6 2 17 2 08:00:00 08:35:00 40 1
6 2 20 1 08:00:00 08:45:00 40 1
6 2 21 2 08:00:00 08:55:00 40 1
6 2 22 2 08:00:00 08:45:00 40 1
6 2 23 1 08:00:00 08:50:00 40 1
6 2 24 2 08:00:00 08:55:00 40 1
1 2 11 2 08:00:00 08:42:00 40 1
1 2 12 2 08:00:00 08:42:00 40 1
1 2 13 1 08:00:00 09:10:00 40 1
1 2 14 2 08:00:00 09:00:00 40 1
1 2 15 2 08:00:00 08:45:00 40 1
1 2 16 2 08:00:00 08:35:00 40 1
1 2 17 2 08:00:00 08:55:00 40 1
1 2 20 1 08:00:00 09:02:00 40 1
1 2 21 2 08:00:00 08:25:00 40 1
1 2 22 2 08:00:00 09:07:00 40 1
1 2 23 1 08:00:00 08:55:00 40 1
1 2 24 2 08:00:00 08:40:00 40 1
2 2 11 2 08:00:00 08:40:00 40 1
2 2 12 2 08:00:00 08:30:00 40 1
2 2 13 1 08:00:00 09:00:00 40 1
2 2 14 2 08:00:00 08:50:00 40 1
2 2 15 2 08:00:00 08:55:00 40 1
2 2 16 2 08:00:00 08:25:00 40 1
2 2 17 2 08:00:00 08:45:00 40 1
2 2 20 1 08:00:00 08:57:00 40 1
2 2 21 2 08:00:00 08:35:00 40 1
2 2 22 2 08:00:00 08:50:00 40 1
2 2 23 1 08:00:00 08:40:00 40 1
2 2 24 2 08:00:00 08:30:00 40 1
3 3 11 2 08:00:00 08:50:00 40 1
3 3 12 2 08:00:00 08:50:00 40 1
3 3 13 1 08:00:00 08:35:00 40 1
3 3 14 2 08:00:00 08:30:00 40 1
3 3 15 2 08:00:00 09:05:00 40 1
3 3 16 2 08:00:00 08:50:00 40 1
3 3 17 2 08:00:00 08:35:00 40 1
3 3 20 1 08:00:00 08:45:00 40 1
3 3 21 2 08:00:00 09:00:00 40 1
3 3 22 2 08:00:00 08:55:00 40 1
3 3 23 1 08:00:00 09:20:00 40 1
3 3 24 2 08:00:00 09:00:00 40 1
6 2 11 2 08:00:00 08:45:00 40 1
6 2 12 2 08:00:00 08:45:00 40 1
6 2 13 1 08:00:00 08:45:00 40 1
6 2 14 2 08:00:00 08:40:00 40 1
6 2 15 2 08:00:00 09:00:00 40 1
6 2 16 2 08:00:00 08:45:00 40 1
6 2 17 2 08:00:00 08:35:00 40 1
6 2 20 1 08:00:00 08:45:00 40 1
6 2 21 2 08:00:00 08:55:00 40 1
6 2 22 2 08:00:00 08:45:00 40 1
6 2 23 1 08:00:00 08:50:00 40 1
6 2 24 2 08:00:00 08:55:00 40 1
1 2 11 2 08:00:00 08:42:00 40 1
1 2 12 2 08:00:00 08:42:00 40 1
1 2 13 1 08:00:00 09:10:00 40 1
1 2 14 2 08:00:00 09:00:00 40 1
1 2 15 2 08:00:00 08:45:00 40 1
1 2 16 2 08:00:00 08:35:00 40 1
1 2 17 2 08:00:00 08:55:00 40 1
1 2 20 1 08:00:00 09:02:00 40 1
1 2 21 2 08:00:00 08:25:00 40 1
1 2 22 2 08:00:00 09:07:00 40 1
1 2 23 1 08:00:00 08:55:00 40 1
1 2 24 2 08:00:00 08:40:00 40 1
2 2 11 2 08:00:00 08:40:00 40 1
2 2 12 2 08:00:00 08:30:00 40 1
2 2 13 1 08:00:00 09:00:00 40 1
2 2 14 2 08:00:00 08:50:00 40 1
2 2 15 2 08:00:00 08:55:00 40 1
2 2 16 2 08:00:00 08:25:00 40 1
2 2 17 2 08:00:00 08:45:00 40 1
2 2 20 1 08:00:00 08:57:00 40 1
2 2 21 2 08:00:00 08:35:00 40 1
2 2 22 2 08:00:00 08:50:00 40 1
2 2 23 1 08:00:00 08:40:00 40 1
2 2 24 2 08:00:00 08:30:00 40 1
3 3 11 2 08:00:00 08:50:00 40 1
3 3 12 2 08:00:00 08:50:00 40 1
3 3 13 1 08:00:00 08:35:00 40 1
3 3 14 2 08:00:00 08:30:00 40 1
3 3 15 2 08:00:00 09:05:00 40 1
3 3 16 2 08:00:00 08:50:00 40 1
3 3 17 2 08:00:00 08:35:00 40 1
3 3 20 1 08:00:00 08:45:00 40 1
3 3 21 2 08:00:00 09:00:00 40 1
3 3 22 2 08:00:00 08:55:00 40 1
3 3 23 1 08:00:00 09:20:00 40 1
3 3 24 2 08:00:00 09:00:00 40 1
6 2 11 2 08:00:00 08:45:00 40 1
6 2 12 2 08:00:00 08:45:00 40 1
6 2 13 1 08:00:00 08:45:00 40 1
6 2 14 2 08:00:00 08:40:00 40 1
6 2 15 2 08:00:00 09:00:00 40 1
6 2 16 2 08:00:00 08:45:00 40 1
6 2 17 2 08:00:00 08:35:00 40 1
6 2 20 1 08:00:00 08:45:00 40 1
6 2 21 2 08:00:00 08:55:00 40 1
6 2 22 2 08:00:00 08:45:00 40 1
6 2 23 1 08:00:00 08:50:00 40 1
6 2 24 2 08:00:00 08:55:00 40 1
1 2 11 2 08:00:00 08:42:00 40 1
1 2 12 2 08:00:00 08:42:00 40 1
1 2 13 1 08:00:00 09:10:00 40 1
1 2 14 2 08:00:00 09:00:00 40 1
1 2 15 2 08:00:00 08:45:00 40 1
1 2 16 2 08:00:00 08:35:00 40 1
1 2 17 2 08:00:00 08:55:00 40 1
1 2 20 1 08:00:00 09:02:00 40 1
1 2 21 2 08:00:00 08:25:00 40 1
1 2 22 2 08:00:00 09:07:00 40 1
1 2 23 1 08:00:00 08:55:00 40 1
1 2 24 2 08:00:00 08:40:00 40 1
2 2 11 2 08:00:00 08:40:00 40 1
2 2 12 2 08:00:00 08:30:00 40 1
2 2 13 1 08:00:00 09:00:00 40 1
2 2 14 2 08:00:00 08:50:00 40 1
2 2 15 2 08:00:00 08:55:00 40 1
2 2 16 2 08:00:00 08:25:00 40 1
2 2 17 2 08:00:00 08:45:00 40 1
2 2 20 1 08:00:00 08:57:00 40 1
2 2 21 2 08:00:00 08:35:00 40 1
2 2 22 2 08:00:00 08:50:00 40 1
2 2 23 1 08:00:00 08:40:00 40 1
2 2 24 2 08:00:00 08:30:00 40 1
3 3 11 2 08:00:00 08:50:00 40 1
3 3 12 2 08:00:00 08:50:00 40 1
3 3 13 1 08:00:00 08:35:00 40 1
3 3 14 2 08:00:00 08:30:00 40 1
3 3 15 2 08:00:00 09:05:00 40 1
3 3 16 2 08:00:00 08:50:00 40 1
3 3 17 2 08:00:00 08:35:00 40 1
3 3 20 1 08:00:00 08:45:00 40 1
3 3 21 2 08:00:00 09:00:00 40 1
3 3 22 2 08:00:00 08:55:00 40 1
3 3 23 1 08:00:00 09:20:00 40 1
3 3 24 2 08:00:00 09:00:00 40 1
6 2 11 2 08:00:00 08:45:00 40 1
6 2 12 2 08:00:00 08:45:00 40 1
6 2 13 1 08:00:00 08:45:00 40 1
6 2 14 2 08:00:00 08:40:00 40 1
6 2 15 2 08:00:00 09:00:00 40 1
6 2 16 2 08:00:00 08:45:00 40 1
6 2 17 2 08:00:00 08:35:00 40 1
6 2 20 1 08:00:00 08:45:00 40 1
6 2 21 2 08:00:00 08:55:00 40 1
6 2 22 2 08:00:00 08:45:00 40 1
6 2 23 1 08:00:00 08:50:00 40 1
6 2 24 2 08:00:00 08:55:00 40 1
1 2 11 2 08:00:00 08:42:00 40 1
1 2 12 2 08:00:00 08:42:00 40 1
1 2 13 1 08:00:00 09:10:00 40 1
1 2 14 2 08:00:00 09:00:00 40 1
1 2 15 2 08:00:00 08:45:00 40 1
1 2 16 2 08:00:00 08:35:00 40 1
1 2 17 2 08:00:00 08:55:00 40 1
1 2 20 1 08:00:00 09:02:00 40 1
1 2 21 2 08:00:00 08:25:00 40 1
1 2 22 2 08:00:00 09:07:00 40 1
1 2 23 1 08:00:00 08:55:00 40 1
1 2 24 2 08:00:00 08:40:00 40 1
2 2 11 2 08:00:00 08:40:00 40 1
2 2 12 2 08:00:00 08:30:00 40 1
2 2 13 1 08:00:00 09:00:00 40 1
2 2 14 2 08:00:00 08:50:00 40 1
2 2 15 2 08:00:00 08:55:00 40 1
2 2 16 2 08:00:00 08:25:00 40 1
2 2 17 2 08:00:00 08:45:00 40 1
2 2 20 1 08:00:00 08:57:00 40 1
2 2 21 2 08:00:00 08:35:00 40 1
2 2 22 2 08:00:00 08:50:00 40 1
2 2 23 1 08:00:00 08:40:00 40 1
2 2 24 2 08:00:00 08:30:00 40 1
3 3 11 2 08:00:00 08:50:00 40 1
3 3 12 2 08:00:00 08:50:00 40 1
3 3 13 1 08:00:00 08:35:00 40 1
3 3 14 2 08:00:00 08:30:00 40 1
3 3 15 2 08:00:00 09:05:00 40 1
3 3 16 2 08:00:00 08:50:00 40 1
3 3 17 2 08:00:00 08:35:00 40 1
3 3 20 1 08:00:00 08:45:00 40 1
3 3 21 2 08:00:00 09:00:00 40 1
3 3 22 2 08:00:00 08:55:00 40 1
3 3 23 1 08:00:00 09:20:00 40 1
3 3 24 2 08:00:00 09:00:00 40 1
6 2 11 2 08:00:00 08:45:00 40 1
6 2 12 2 08:00:00 08:45:00 40 1
6 2 13 1 08:00:00 08:45:00 40 1
6 2 14 2 08:00:00 08:40:00 40 1
6 2 15 2 08:00:00 09:00:00 40 1
6 2 16 2 08:00:00 08:45:00 40 1
6 2 17 2 08:00:00 08:35:00 40 1
6 2 20 1 08:00:00 08:45:00 40 1
6 2 21 2 08:00:00 08:55:00 40 1
6 2 22 2 08:00:00 08:45:00 40 1
6 2 23 1 08:00:00 08:50:00 40 1
6 2 24 2 08:00:00 08:55:00 40 1
1 2 11 2 08:00:00 08:42:00 40 1
1 2 12 2 08:00:00 08:42:00 40 1
1 2 13 1 08:00:00 09:10:00 40 1
1 2 14 2 08:00:00 09:00:00 40 1
1 2 15 2 08:00:00 08:45:00 40 1
1 2 16 2 08:00:00 08:35:00 40 1
1 2 17 2 08:00:00 08:55:00 40 1
1 2 20 1 08:00:00 09:02:00 40 1
1 2 21 2 08:00:00 08:25:00 40 1
1 2 22 2 08:00:00 09:07:00 40 1
1 2 23 1 08:00:00 08:55:00 40 1
1 2 24 2 08:00:00 08:40:00 40 1
2 2 11 2 08:00:00 08:40:00 40 1
2 2 12 2 08:00:00 08:30:00 40 1
2 2 13 1 08:00:00 09:00:00 40 1
2 2 14 2 08:00:00 08:50:00 40 1
2 2 15 2 08:00:00 08:55:00 40 1
2 2 16 2 08:00:00 08:25:00 40 1
2 2 17 2 08:00:00 08:45:00 40 1
2 2 20 1 08:00:00 08:57:00 40 1
2 2 21 2 08:00:00 08:35:00 40 1
2 2 22 2 08:00:00 08:50:00 40 1
2 2 23 1 08:00:00 08:40:00 40 1
2 2 24 2 08:00:00 08:30:00 40 1
3 3 11 2 08:00:00 08:50:00 40 1
3 3 12 2 08:00:00 08:50:00 40 1
3 3 13 1 08:00:00 08:35:00 40 1
3 3 14 2 08:00:00 08:30:00 40 1
3 3 15 2 08:00:00 09:05:00 40 1
3 3 16 2 08:00:00 08:50:00 40 1
3 3 17 2 08:00:00 08:35:00 40 1
3 3 20 1 08:00:00 08:45:00 40 1
3 3 21 2 08:00:00 09:00:00 40 1
3 3 22 2 08:00:00 08:55:00 40 1
3 3 23 1 08:00:00 09:20:00 40 1
3 3 24 2 08:00:00 09:00:00 40 1
6 2 11 2 08:00:00 08:45:00 40 1
6 2 12 2 08:00:00 08:45:00 40 1
6 2 13 1 08:00:00 08:45:00 40 1
6 2 14 2 08:00:00 08:40:00 40 1
6 2 15 2 08:00:00 09:00:00 40 1
6 2 16 2 08:00:00 08:45:00 40 1
6 2 17 2 08:00:00 08:35:00 40 1
6 2 20 1 08:00:00 08:45:00 40 1
6 2 21 2 08:00:00 08:55:00 40 1
6 2 22 2 08:00:00 08:45:00 40 1
6 2 23 1 08:00:00 08:50:00 40 1
6 2 24 2 08:00:00 08:55:00 40 1
1 2 11 2 08:00:00 08:42:00 40 1
1 2 12 2 08:00:00 08:42:00 40 1
1 2 13 1 08:00:00 09:10:00 40 1
1 2 14 2 08:00:00 09:00:00 40 1
1 2 15 2 08:00:00 08:45:00 40 1
1 2 16 2 08:00:00 08:35:00 40 1
1 2 17 2 08:00:00 08:55:00 40 1
1 2 20 1 08:00:00 09:02:00 40 1
1 2 21 2 08:00:00 08:25:00 40 1
1 2 22 2 08:00:00 09:07:00 40 1
1 2 23 1 08:00:00 08:55:00 40 1
1 2 24 2 08:00:00 08:40:00 40 1
2 2 11 2 08:00:00 08:40:00 40 1
2 2 12 2 08:00:00 08:30:00 40 1
2 2 13 1 08:00:00 09:00:00 40 1
2 2 14 2 08:00:00 08:50:00 40 1
2 2 15 2 08:00:00 08:55:00 40 1
2 2 16 2 08:00:00 08:25:00 40 1
2 2 17 2 08:00:00 08:45:00 40 1
2 2 20 1 08:00:00 08:57:00 40 1
2 2 21 2 08:00:00 08:35:00 40 1
2 2 22 2 08:00:00 08:50:00 40 1
2 2 23 1 08:00:00 08:40:00 40 1
2 2 24 2 08:00:00 08:30:00 40 1
3 3 11 2 08:00:00 08:50:00 40 1
3 3 12 2 08:00:00 08:50:00 40 1
3 3 13 1 08:00:00 08:35:00 40 1
3 3 14 2 08:00:00 08:30:00 40 1
3 3 15 2 08:00:00 09:05:00 40 1
3 3 16 2 08:00:00 08:50:00 40 1
3 3 17 2 08:00:00 08:35:00 40 1
3 3 20 1 08:00:00 08:45:00 40 1
3 3 21 2 08:00:00 09:00:00 40 1
3 3 22 2 08:00:00 08:55:00 40 1
3 3 23 1 08:00:00 09:20:00 40 1
3 3 24 2 08:00:00 09:00:00 40 1
6 2 11 2 08:00:00 08:45:00 40 1
6 2 12 2 08:00:00 08:45:00 40 1
6 2 13 1 08:00:00 08:45:00 40 1
6 2 14 2 08:00:00 08:40:00 40 1
6 2 15 2 08:00:00 09:00:00 40 1
6 2 16 2 08:00:00 08:45:00 40 1
6 2 17 2 08:00:00 08:35:00 40 1
6 2 20 1 08:00:00 08:45:00 40 1
6 2 21 2 08:00:00 08:55:00 40 1
6 2 22 2 08:00:00 08:45:00 40 1
6 2 23 1 08:00:00 08:50:00 40 1
6 2 24 2 08:00:00 08:55:00 40 1
1 2 11 2 08:00:00 08:42:00 40 1
1 2 12 2 08:00:00 08:42:00 40 1
1 2 13 1 08:00:00 09:10:00 40 1
1 2 14 2 08:00:00 09:00:00 40 1
1 2 15 2 08:00:00 08:45:00 40 1
1 2 16 2 08:00:00 08:35:00 40 1
1 2 17 2 08:00:00 08:55:00 40 1
1 2 20 1 08:00:00 09:02:00 40 1
1 2 21 2 08:00:00 08:25:00 40 1
1 2 22 2 08:00:00 09:07:00 40 1
1 2 23 1 08:00:00 08:55:00 40 1
1 2 24 2 08:00:00 08:40:00 40 1
2 2 11 2 08:00:00 08:40:00 40 1
2 2 12 2 08:00:00 08:30:00 40 1
2 2 13 1 08:00:00 09:00:00 40 1
2 2 14 2 08:00:00 08:50:00 40 1
2 2 15 2 08:00:00 08:55:00 40 1
2 2 16 2 08:00:00 08:25:00 40 1
2 2 17 2 08:00:00 08:45:00 40 1
2 2 20 1 08:00:00 08:57:00 40 1
