0 3 8 1
1 13259 13764 13756 13748 13740 13732 13724 13716 13708 13709 13378 68 69 70
8463 8892 8882 8874 8866 8858 8850 8851 8906 8907 8582 69 70
1 13259 13692 13678 13670 13662 13654 13646 13647 13708 13709 13378 68 69 70
1 13259 13764 13756 13748 13740 13732 13733 13814 13806 13380 68 69 70
8469 8958 8946 8938 8930 8922 8914 8906 8907 8582 69 70

0 3 9 2
1 13267 13873 13999 14141 14295 14466 14467 13278 13281 14883 15125 13388 71 72
1 13267 13873 13999 14141 14295 14466 14467 13278 13281 14883 15125 13388 71 72
1 13267 13873 13999 14141 14295 14466 14467 13278 13281 14883 15125 13388 71 72
1 13267 13873 13999 14141 14295 14466 14467 13278 13281 14883 15125 13388 71 72
1 13267 13873 13999 14141 14295 14466 14467 13278 13281 14883 15125 13388 71 72

0 3 10 2
8471 9061 9187 9331 9493 9681 8604 74
1 13267 13873 13999 14143 14305 14493 13400 73 74
8471 9061 9187 9331 9495 9689 8606 74
8473 9069 9195 9339 9501 9689 8606 74
8471 9061 9189 9339 9501 9689 8606 74

0 3 11 2
8473 9071 9205 9357 9527 8618 76
8473 9071 9199 9213 9365 9535 8620 76
8465 8973 9079 9213 9365 9535 8620 76
1 13269 13883 14017 14169 14339 13414 75 76
1 13269 13883 14017 14163 14177 14347 13416 75 76

0 3 12 2
8471 9061 9187 9331 9493 9681 8604 8611 10121 10369 10623 10883 11131 11373 8640 78
8471 9061 9187 9331 9493 9681 8604 8611 10121 10369 10623 10883 11131 11373 8640 78
8471 9061 9187 9331 9493 9681 8604 8611 10121 10369 10623 10883 11131 11373 8640 78
8471 9061 9187 9331 9493 9681 8604 8611 10121 10369 10623 10883 11131 11373 8640 78
8471 9061 9187 9331 9493 9681 8604 8611 10121 10369 10623 10883 11131 11373 8640 78

0 3 13 1
8471 9061 9187 9331 9493 9681 8604 8613 10131 10389 10657 10925 11181 11429 8648 80 81
8471 9061 9187 9331 9493 9681 8604 8613 10131 10389 10657 10925 11181 11429 8648 80 81
8471 9061 9187 9331 9493 9681 8604 8613 10131 10389 10657 10925 11181 11429 8648 80 81
8471 9061 9187 9331 9493 9681 8604 8613 10131 10389 10657 10925 11181 11429 8648 80 81
8471 9061 9187 9331 9493 9681 8604 8613 10131 10389 10657 10925 11181 11429 8648 80 81

0 3 14 2
8473 9071 9205 9357 9527 8618 8629 9943 9957 10195 8532 8541 10723 8664 83
8473 9071 9205 9357 9527 8618 8629 9943 9957 10195 8532 8541 10723 8664 83
8473 9071 9205 9357 9527 8618 8629 9943 9957 10195 8532 8541 10723 8664 83
8473 9071 9205 9357 9527 8618 8629 9943 9957 10195 8532 8541 10723 8664 83
8473 9071 9205 9357 9527 8618 8629 9943 9957 10195 8532 8541 10723 8664 83

0 3 15 1
8473 9071 9205 9357 9527 8618 8629 9943 9957 10195 8532 8541 10717 10725 10733 10741 10749 10757 10765 10771 10779 10787 10801 11063 11311 11317 8680 85 86
8473 9071 9205 9357 9527 8618 8629 9943 9957 10195 8532 8541 10717 10725 10733 10741 10749 10757 10765 10771 10779 10787 10801 11063 11311 11317 8680 85 86
8473 9071 9205 9357 9527 8618 8629 9943 9957 10195 8532 8541 10717 10725 10733 10741 10749 10757 10765 10771 10779 10787 10801 11063 11311 11317 8680 85 86
8473 9071 9205 9357 9527 8618 8629 9943 9957 10195 8532 8541 10717 10725 10733 10741 10749 10757 10765 10771 10779 10787 10801 11063 11311 11317 8680 85 86
8473 9071 9205 9357 9527 8618 8629 9943 9957 10195 8532 8541 10717 10725 10733 10741 10749 10757 10765 10771 10779 10787 10801 11063 11311 11317 8680 85 86

0 3 16 1
1 13269 13883 14017 14169 14339 13414 13425 14755 14769 15007 13328 13337 15535 13460 13469 16073 16317 16325 16333 16341 16349 13354 13355 16371 16605 16611 16619 16627 16641 16881 16893 13494 87 88 89
1 13269 13883 14017 14169 14339 13414 13425 14755 14769 15007 13328 13337 15535 13460 13469 16073 16317 16325 16333 16341 16349 13354 13355 16371 16605 16611 16619 16627 16641 16881 16893 13494 87 88 89
1 13269 13883 14017 14169 14339 13414 13425 14755 14769 15007 13328 13337 15535 13460 13469 16073 16317 16325 16333 16341 16349 13354 13355 16371 16605 16611 16619 16627 16641 16881 16893 13494 87 88 89
1 13269 13883 14017 14169 14339 13414 13425 14755 14769 15007 13328 13337 15535 13460 13469 16073 16317 16325 16333 16341 16349 13354 13355 16371 16605 16611 16619 16627 16641 16881 16893 13494 87 88 89
1 13269 13883 14017 14169 14339 13414 13425 14755 14769 15007 13328 13337 15535 13460 13469 16073 16317 16325 16333 16341 16349 13354 13355 16371 16605 16611 16619 16627 16641 16881 16893 13494 87 88 89

0 3 17 1
1 13269 13883 14017 14169 14339 13414 13425 14755 14769 15007 13328 13337 15529 15537 15545 15553 15561 15569 15577 15583 15591 15599 15613 15875 16123 16129 13476 13489 16403 16417 16665 13364 13367 13508 90 91 92
1 13269 13883 14017 14169 14339 13414 13425 14755 14769 15007 13328 13337 15529 15537 15545 15553 15561 15569 15577 15583 15591 15599 15613 15875 16123 16129 13476 13489 16403 16417 16665 13364 13367 13508 90 91 92
1 13269 13883 14017 14169 14339 13414 13425 14755 14769 15007 13328 13337 15529 15537 15545 15553 15561 15569 15577 15583 15591 15599 15613 15875 16123 16129 13476 13489 16403 16417 16665 13364 13367 13508 90 91 92
1 13269 13883 14017 14169 14339 13414 13425 14755 14769 15007 13328 13337 15529 15537 15545 15553 15561 15569 15577 15583 15591 15599 15613 15875 16123 16129 13476 13489 16403 16417 16665 13364 13367 13508 90 91 92
1 13269 13883 14017 14169 14339 13414 13425 14755 14769 15007 13328 13337 15529 15537 15545 15553 15561 15569 15577 15583 15591 15599 15613 15875 16123 16129 13476 13489 16403 16417 16665 13364 13367 13508 90 91 92

0 3 18 1
8471 9061 9187 9331 9493 9681 8604 8613 10131 10389 10657 10923 11171 11413 11661 11911 8718 94 95
8471 9061 9187 9331 9493 9681 8604 8613 10131 10389 10657 10923 11171 11413 11661 11911 8718 94 95
8471 9061 9187 9331 9493 9681 8604 8613 10131 10389 10657 10923 11171 11413 11661 11911 8718 94 95
8471 9061 9187 9331 9493 9681 8604 8613 10131 10389 10657 10923 11171 11413 11661 11911 8718 94 95
8471 9061 9187 9331 9493 9681 8604 8613 10131 10389 10657 10923 11171 11413 11661 11911 8718 94 95

0 3 19 1
8473 9065 9073 9081 9089 8734 97 98
8465 8967 8975 8985 9089 8734 97 98
8465 8967 8979 9081 9089 8734 97 98
8465 8973 9073 9081 9089 8734 97 98
1 13269 13877 13885 13893 13901 13530 96 97 98

1 2 8 1
3 2 13273 14446 14254 14084 13930 13382 68 69 70
3 8477 9634 9442 9272 9118 8586 69 70
3937 4864 4678 4508 4354 4046 70
3 2 13273 14446 14260 14092 13938 13384 68 69 70
3 8477 9634 9448 9280 9126 8588 69 70

1 2 9 2
3945 5291 5533 4052
3 8485 10071 10313 8592 72
3943 5283 5527 4052
3945 5293 5541 5795 4058
3 2 13281 14883 15125 13388 71 72

1 2 10 2
3949 5305 5313 5321 4070
3941 5077 5085 5093 5101 4064
3 8489 10085 10093 10101 8610 74
3 8481 9857 9865 9873 9881 8604 74
3 2 13285 14897 14905 14913 14921 13408 73 74

1 2 11 2
3941 5077 5085 5093 5101 5109 5117 5125 5133 5141 5149 4086
3 8481 9857 9865 9873 9881 9889 9897 9905 9913 9921 9929 8628 76
3 2 13277 14669 14677 14685 14693 14701 14709 14717 14725 14733 14741 13424 75 76
3949 5305 5313 5321 4070 4065 5117 5125 5133 5141 5149 4086
3 8489 10085 10093 10101 8610 8605 9897 9905 9913 9921 9929 8628 76

1 2 12 2
3949 5311 5567 5829 6095 6343 6585 4096
3 8489 10091 10347 10609 10875 11123 11365 8638 78
3947 5303 5561 5829 6095 6343 6585 4096
3 2 13285 14903 15159 15421 15687 15935 16177 13434 77 78
3 8487 10083 10341 10609 10875 11123 11365 8638 78

1 2 13 1
3949 5311 5563 5571 5579 5593 5863 6137 6393 6643 4106 81
3949 5311 5563 5577 5847 6115 6129 6379 6393 6643 4106 81
3949 5311 5563 5577 5847 6121 6377 6627 6883 4110 81
3 8489 10091 10343 10351 10359 10373 10643 10917 11173 11423 8648 80 81
3 8489 10091 10343 10357 10627 10895 10909 11159 11173 11423 8648 80 81

1 2 14 2
3949 5311 5563 5571 5579 5587 5595 5603 5611 5619 5627 5641 5905 5913 5921 4000 4001 5943 4122
3949 5311 5563 5571 5579 5587 5595 5603 5611 5619 5627 5641 5905 5913 5921 4000 4001 5943 4122
3949 5311 5563 5571 5579 5587 5595 5603 5611 5619 5627 5641 5905 5913 5921 4000 4001 5943 4122
3949 5311 5563 5571 5579 5587 5595 5603 5611 5619 5627 5641 5905 5913 5921 4000 4001 5943 4122
3949 5311 5563 5571 5579 5587 5595 5603 5611 5619 5627 5641 5905 5913 5921 4000 4001 5943 4122

1 2 15 1
3 2 13285 14903 15155 15163 15171 15179 15187 15195 15203 15211 15219 15233 15497 15505 15513 13336 13337 15529 15537 15545 15553 15561 15569 15577 15583 15591 15599 15613 15875 16123 16129 13476 84 85 86
3 2 13285 14903 15155 15163 15171 15179 15187 15195 15203 15211 15219 15233 15497 15505 15513 13336 13337 15529 15537 15545 15553 15561 15569 15577 15583 15591 15599 15613 15875 16123 16129 13476 84 85 86
3 2 13285 14903 15155 15163 15171 15179 15187 15195 15203 15211 15219 15233 15497 15505 15513 13336 13337 15529 15537 15545 15553 15561 15569 15577 15583 15591 15599 15613 15875 16123 16129 13476 84 85 86
3 2 13285 14903 15155 15163 15171 15179 15187 15195 15203 15211 15219 15233 15497 15505 15513 13336 13337 15529 15537 15545 15553 15561 15569 15577 15583 15591 15599 15613 15875 16123 16129 13476 84 85 86
3 2 13285 14903 15155 15163 15171 15179 15187 15195 15203 15211 15219 15233 15497 15505 15513 13336 13337 15529 15537 15545 15553 15561 15569 15577 15583 15591 15599 15613 15875 16123 16129 13476 84 85 86

1 2 16 1
3 2 13285 14903 15155 15163 15171 15179 15187 15195 15203 15211 15219 15233 15497 15505 15513 13336 13337 15535 13460 13469 16073 16317 16325 16333 16341 16349 13354 13355 16371 16605 16611 16619 16627 16641 16881 16893 13494 87 88 89
3 2 13285 14903 15155 15163 15171 15179 15187 15195 15203 15211 15219 15233 15497 15505 15513 13336 13337 15535 13460 13469 16073 16317 16325 16333 16341 16349 13354 13355 16371 16605 16611 16619 16627 16641 16881 16893 13494 87 88 89
3 2 13285 14903 15155 15163 15171 15179 15187 15195 15203 15211 15219 15233 15497 15505 15513 13336 13337 15535 13460 13469 16073 16317 16325 16333 16341 16349 13354 13355 16371 16605 16611 16619 16627 16641 16881 16893 13494 87 88 89
3 2 13285 14903 15155 15163 15171 15179 15187 15195 15203 15211 15219 15233 15497 15505 15513 13336 13337 15535 13460 13469 16073 16317 16325 16333 16341 16349 13354 13355 16371 16605 16611 16619 16627 16641 16881 16893 13494 87 88 89
3 2 13285 14903 15155 15163 15171 15179 15187 15195 15203 15211 15219 15233 15497 15505 15513 13336 13337 15535 13460 13469 16073 16317 16325 16333 16341 16349 13354 13355 16371 16605 16611 16619 16627 16641 16881 16893 13494 87 88 89

1 2 17 1
3 2 13285 14903 15155 15163 15171 15179 15187 15195 15203 15211 15219 15233 15497 15505 15513 13336 13337 15529 15537 15545 15553 15561 15569 15577 15583 15591 15599 15613 15875 16123 16129 13476 13489 16403 16417 16665 13364 13367 13508 90 91 92
3 2 13285 14903 15155 15163 15171 15179 15187 15195 15203 15211 15219 15233 15497 15505 15513 13336 13337 15529 15537 15545 15553 15561 15569 15577 15583 15591 15599 15613 15875 16123 16129 13476 13489 16403 16417 16665 13364 13367 13508 90 91 92
3 2 13285 14903 15155 15163 15171 15179 15187 15195 15203 15211 15219 15233 15497 15505 15513 13336 13337 15529 15537 15545 15553 15561 15569 15577 15583 15591 15599 15613 15875 16123 16129 13476 13489 16403 16417 16665 13364 13367 13508 90 91 92
3 2 13285 14903 15155 15163 15171 15179 15187 15195 15203 15211 15219 15233 15497 15505 15513 13336 13337 15529 15537 15545 15553 15561 15569 15577 15583 15591 15599 15613 15875 16123 16129 13476 13489 16403 16417 16665 13364 13367 13508 90 91 92
3 2 13285 14903 15155 15163 15171 15179 15187 15195 15203 15211 15219 15233 15497 15505 15513 13336 13337 15529 15537 15545 15553 15561 15569 15577 15583 15591 15599 15613 15875 16123 16129 13476 13489 16403 16417 16665 13364 13367 13508 90 91 92

1 2 18 1
3949 5311 5569 5839 6113 6369 6619 6875 7131 4176 95
3 8489 10091 10349 10619 10893 11149 11399 11655 11911 8718 94 95
3 2 13285 14903 15161 15431 15705 15961 16211 16467 16723 13514 93 94 95
3947 5303 5561 5831 6105 6361 6611 6867 7117 7131 4176 95
3947 5303 5561 5831 6099 6113 6369 6619 6875 7131 4176 95

1 2 19 1
3941 4886 4883 4720 4566 4563 4438 4435 4443 4336 4192 98
3941 4886 4883 4891 4728 4725 4733 4590 4454 4336 4192 98
3941 5077 4894 4720 4717 4574 4438 4435 4443 4336 4192 98
3 8481 9656 9653 9661 9492 9489 9497 9354 9218 9100 8734 97 98
3 8481 9656 9653 9484 9330 9327 9202 9199 9207 9100 8734 97 98

2 2 8 1
5 4 13289 14734 14726 14718 14504 14490 14482 14474 14466 14276 14264 14100 13946 13932 13384 68 69 70
5 4 13289 14734 14726 14718 14504 14490 14482 14474 14466 14276 14264 14100 13946 13932 13384 68 69 70
5 4 13289 14734 14726 14718 14504 14490 14482 14474 14466 14276 14264 14100 13946 13932 13384 68 69 70
5 4 13289 14734 14726 14718 14504 14490 14482 14474 14466 14276 14264 14100 13946 13932 13384 68 69 70
5 4 13289 14734 14726 14718 14504 14490 14482 14474 14466 14276 14264 14100 13946 13932 13384 68 69 70

2 2 9 2
3963 5378 5370 5362 5354 5346 5347 5589 5843 3980 3981 6318 6314 6058 4058
3963 5378 5370 5362 5354 5346 5347 5589 5843 3980 3981 6318 6314 6058 4058
3963 5378 5370 5362 5354 5346 5347 5589 5843 3980 3981 6318 6314 6058 4058
3963 5378 5370 5362 5354 5346 5347 5589 5843 3980 3981 6318 6314 6058 4058
3963 5378 5370 5362 5354 5346 5347 5589 5843 3980 3981 6318 6314 6058 4058

2 2 10 2
3963 5378 5370 5362 5354 5346 4074
3963 5378 5148 5134 5126 5118 4066
3963 5378 5370 5362 5132 5118 4066
3963 5160 5150 5142 5134 5126 5118 4066
3963 5387 5620 5612 5604 5352 4074

2 2 11 2
3951
3957 4088
3955 4086
5 8491 76
5 8497 8630 76

2 2 12 2
3963 5387 5620 5612 5613 5867 6125 6365 6599 4098
3963 5387 5620 5621 5875 6133 6373 6607 4100
3963 5387 5629 5883 6141 6381 6606 6607 4100
3963 5387 5620 5612 5613 5867 6127 6373 6607 4100
3963 5387 5631 5891 6149 6389 6623 6854 6846 4100

2 2 13 1
3963 5389 5639 5901 6167 6415 6657 4108 81
3963 5387 5631 5893 6159 6407 6649 4106 81
3963 5389 5639 5901 6165 6407 6649 4106 81
3963 5391 5647 5909 6175 6423 6663 4108 81
3963 5391 5647 5907 6167 6415 6657 4108 81

2 2 14 2
3965 5393 5401 5415 3992 4001 5943 4122
3965 5393 5407 5665 4000 4001 5943 4122
3965 5399 5657 5921 4000 4001 5943 4122
3965 5393 5401 5415 3992 9 8541 10723 8664 83
3965 5393 5407 5665 4000 9 8541 10723 8664 83

2 2 15 1
3965 5393 5401 5415 3992 4001 5937 5945 5953 5961 5969 5977 5985 5991 5999 6007 6021 6283 6531 6537 4138 86
3965 5393 5401 5415 3992 4001 5937 5945 5953 5961 5969 5977 5985 5991 5999 6007 6021 6283 6531 6537 4138 86
3965 5393 5401 5415 3992 4001 5937 5945 5953 5961 5969 5977 5985 5991 5999 6007 6021 6283 6531 6537 4138 86
3965 5393 5401 5415 3992 4001 5937 5945 5953 5961 5969 5977 5985 5991 5999 6007 6021 6283 6531 6537 4138 86
3965 5393 5401 5415 3992 4001 5937 5945 5953 5961 5969 5977 5985 5991 5999 6007 6021 6283 6531 6537 4138 86

2 2 16 1
5 4 13301 14985 14993 15007 13328 13337 15535 13460 13469 16073 16317 16325 16333 16341 16349 13354 13355 16371 16605 16611 16619 16627 16641 16881 16893 13494 87 88 89
5 4 13301 14985 14993 15007 13328 13337 15535 13460 13469 16073 16317 16325 16333 16341 16349 13354 13355 16371 16605 16611 16619 16627 16641 16881 16893 13494 87 88 89
5 4 13301 14985 14993 15007 13328 13337 15535 13460 13469 16073 16317 16325 16333 16341 16349 13354 13355 16371 16605 16611 16619 16627 16641 16881 16893 13494 87 88 89
5 4 13301 14985 14993 15007 13328 13337 15535 13460 13469 16073 16317 16325 16333 16341 16349 13354 13355 16371 16605 16611 16619 16627 16641 16881 16893 13494 87 88 89
5 4 13301 14985 14993 15007 13328 13337 15535 13460 13469 16073 16317 16325 16333 16341 16349 13354 13355 16371 16605 16611 16619 16627 16641 16881 16893 13494 87 88 89

2 2 17 1
5 4 13301 14985 14993 15007 13328 13337 15529 15537 15545 15553 15561 15569 15577 15583 15591 15599 15613 15875 16123 16129 13476 13489 16403 16417 16665 13364 13367 13508 90 91 92
5 4 13301 14985 14993 15007 13328 13337 15529 15537 15545 15553 15561 15569 15577 15583 15591 15599 15613 15875 16123 16129 13476 13489 16403 16417 16665 13364 13367 13508 90 91 92
5 4 13301 14985 14993 15007 13328 13337 15529 15537 15545 15553 15561 15569 15577 15583 15591 15599 15613 15875 16123 16129 13476 13489 16403 16417 16665 13364 13367 13508 90 91 92
5 4 13301 14985 14993 15007 13328 13337 15529 15537 15545 15553 15561 15569 15577 15583 15591 15599 15613 15875 16123 16129 13476 13489 16403 16417 16665 13364 13367 13508 90 91 92
5 4 13301 14985 14993 15007 13328 13337 15529 15537 15545 15553 15561 15569 15577 15583 15591 15599 15613 15875 16123 16129 13476 13489 16403 16417 16665 13364 13367 13508 90 91 92

2 2 18 1
3963 5389 5639 5901 6167 6415 6657 4108 4117 4178 95
3963 5389 5637 5893 6159 6407 6649 4106 4117 4178 95
3963 5389 5641 5909 6175 6423 6663 4108 4117 4178 95
3963 5389 5637 5893 6157 6399 6641 6889 7137 4176 95
3963 5389 5641 5909 6175 6423 6665 6911 7151 4178 95

2 2 19 1
3951 4079 4778 4616 4472 4344 4194 98
3951 27 8619 9542 9380 9236 9108 8736 97 98
3951 4079 4778 4610 4464 4196 98
3951 27 8621 9550 9382 9236 9108 8736 97 98
3951 27 8621 9550 9388 9244 9110 8736 97 98

3 2 8 1
7 6 13313 15422 15160 14904 14668 14448 14254 14084 13930 13382 68 69 70
7 6 13313 15422 15154 14896 13284 13273 14446 14254 14084 13930 13382 68 69 70
7 8517 10610 10348 10092 8490 2 13273 14446 14254 14084 13930 13382 68 69 70
7 8517 10610 10348 10092 8490 8477 9634 9442 9272 9118 8586 69 70
3977 5830 5568 5312 3950 3 2 13273 14446 14254 14084 13930 13382 68 69 70

3 2 9 2
3981 6318 6314 6058 4058
3981 6318 6066 4060
3981 6074 6060 4060
3981 6318 6314 6312 4062
3981 6074 6069 6058 4058

3 2 10 2
3977 5836 5582 5340 4072
7 8517 10616 10362 10120 8612 74
3977 5836 5576 5332 4070
3979 5844 5590 5342 4072
3977 5836 5833 5590 5342 4072

3 2 11 2
3977 5836 5582 5340 4072 4065 5117 5125 5133 5141 5149 4086
3977 6091 5844 5590 5348 5345 5136 5133 5141 5149 4086
3977 5836 5833 5590 5348 5128 5125 5133 5141 5149 4086
3977 5836 5582 5579 5348 5345 5353 5144 5141 5149 4086
3977 5836 5833 5590 5587 5595 5364 5144 5141 5149 4086

3 2 12 2
3985 6343 6585 4096
3983 6337 6585 4096
7 8525 11123 11365 8638 78
3985 6343 6587 4098
3985 6345 6593 4098

3 2 13 1
3985 6339 6353 6597 6611 6867 7117 7125 4110 81
3985 6339 6353 6597 6605 6613 6627 6883 4110 81
3985 6339 6353 6597 6605 6613 6621 6629 6643 4106 81
3985 6339 6347 6361 6611 6867 7117 7125 4110 81
3985 6339 6347 6355 6363 6377 6627 6883 4110 81

3 2 14 2
3985 6339 6347 6355 6363 6371 6379 6387 6395 6403 6411 6419 6427 6435 6443 6451 4128
3985 6339 6347 6355 6363 6371 6379 6387 6395 6403 6411 6419 6427 6435 6443 6451 4128
3985 6339 6347 6355 6363 6371 6379 6387 6395 6403 6411 6419 6427 6435 6443 6451 4128
3985 6339 6347 6355 6363 6371 6379 6387 6395 6403 6411 6419 6427 6435 6443 6451 4128
3985 6339 6347 6355 6363 6371 6379 6387 6395 6403 6411 6419 6427 6435 6443 6451 4128

3 2 15 1
7 6 13321 15931 15945 16189 16197 16205 16213 16221 16229 16237 16245 16253 16261 16269 16277 16285 16293 16301 16309 16317 16325 16333 16341 16349 13354 13355 16118 16115 16123 16129 13476 84 85 86
7 6 13321 15931 15945 16189 16197 16205 16213 16221 16229 16237 16245 16253 16261 16269 16277 16285 16293 16301 16309 16317 16325 16333 16341 16349 13354 13355 16118 16115 16123 16129 13476 84 85 86
7 6 13321 15931 15945 16189 16197 16205 16213 16221 16229 16237 16245 16253 16261 16269 16277 16285 16293 16301 16309 16317 16325 16333 16341 16349 13354 13355 16118 16115 16123 16129 13476 84 85 86
7 6 13321 15931 15945 16189 16197 16205 16213 16221 16229 16237 16245 16253 16261 16269 16277 16285 16293 16301 16309 16317 16325 16333 16341 16349 13354 13355 16118 16115 16123 16129 13476 84 85 86
7 6 13321 15931 15945 16189 16197 16205 16213 16221 16229 16237 16245 16253 16261 16269 16277 16285 16293 16301 16309 16317 16325 16333 16341 16349 13354 13355 16118 16115 16123 16129 13476 84 85 86

3 2 16 1
7 6 13321 15931 15945 16189 16197 16205 16213 16221 16229 16237 16245 16253 16261 16269 16277 16285 16293 16301 16309 16317 16325 16333 16341 16349 13354 13355 16371 16605 16611 16619 16627 16641 16881 16893 13494 87 88 89
7 6 13321 15931 15945 16189 16197 16205 16213 16221 16229 16237 16245 16253 16261 16269 16277 16285 16293 16301 16309 16317 16325 16333 16341 16349 13354 13355 16371 16605 16611 16619 16627 16641 16881 16893 13494 87 88 89
7 6 13321 15931 15945 16189 16197 16205 16213 16221 16229 16237 16245 16253 16261 16269 16277 16285 16293 16301 16309 16317 16325 16333 16341 16349 13354 13355 16371 16605 16611 16619 16627 16641 16881 16893 13494 87 88 89
7 6 13321 15931 15945 16189 16197 16205 16213 16221 16229 16237 16245 16253 16261 16269 16277 16285 16293 16301 16309 16317 16325 16333 16341 16349 13354 13355 16371 16605 16611 16619 16627 16641 16881 16893 13494 87 88 89
7 6 13321 15931 15945 16189 16197 16205 16213 16221 16229 16237 16245 16253 16261 16269 16277 16285 16293 16301 16309 16317 16325 16333 16341 16349 13354 13355 16371 16605 16611 16619 16627 16641 16881 16893 13494 87 88 89

3 2 17 1
7 6 13321 15931 15945 16189 16197 16205 16213 16221 16229 16237 16245 16253 16261 16269 16277 16285 16293 16301 16309 16317 16325 16333 16341 16349 13354 13355 16118 16115 16123 16129 13476 13489 16403 16417 16665 13364 13367 13508 90 91 92
7 6 13321 15931 15945 16189 16197 16205 16213 16221 16229 16237 16245 16253 16261 16269 16277 16285 16293 16301 16309 16317 16325 16333 16341 16349 13354 13355 16118 16115 16123 16129 13476 13489 16403 16417 16665 13364 13367 13508 90 91 92
7 6 13321 15931 15945 16189 16197 16205 16213 16221 16229 16237 16245 16253 16261 16269 16277 16285 16293 16301 16309 16317 16325 16333 16341 16349 13354 13355 16118 16115 16123 16129 13476 13489 16403 16417 16665 13364 13367 13508 90 91 92
7 6 13321 15931 15945 16189 16197 16205 16213 16221 16229 16237 16245 16253 16261 16269 16277 16285 16293 16301 16309 16317 16325 16333 16341 16349 13354 13355 16118 16115 16123 16129 13476 13489 16403 16417 16665 13364 13367 13508 90 91 92
7 6 13321 15931 15945 16189 16197 16205 16213 16221 16229 16237 16245 16253 16261 16269 16277 16285 16293 16301 16309 16317 16325 16333 16341 16349 13354 13355 16118 16115 16123 16129 13476 13489 16403 16417 16665 13364 13367 13508 90 91 92

3 2 18 1
3985 6339 6353 6603 6859 7115 7347 7559 4182 95
3985 6339 6353 6597 6611 6867 7117 7131 4176 95
3985 6345 6595 6845 6859 7115 7347 7559 4182 95
3985 6345 6595 6845 6853 6867 7117 7131 4176 95
3985 6343 6587 6839 6845 6859 7115 7347 7559 4182 95

3 2 19 1
3977 5836 5582 5340 4072 4065 4926 4752 4598 4462 4196 98
3977 5836 5582 5340 4072 4065 4920 4744 4590 4454 4336 4192 98
3977 5830 5574 5332 5112 4918 4744 4590 4454 4336 4192 98
7 8517 10616 10362 10120 8612 8605 9690 9508 9354 9218 9100 8734 97 98
7 8517 10616 10362 10120 8612 8605 9696 9516 9362 9226 8738 97 98

4 2 8 1
9 8 13335 15514 15506 15498 15234 15220 15212 15204 15196 14944 13410 13399 14694 14686 14472 14276 14264 14100 13946 13932 13384 68 69 70
9 8 13335 15514 15506 15498 15234 15220 15212 15204 15196 14944 13410 13399 14694 14686 14472 14276 14264 14100 13946 13932 13384 68 69 70
9 8 13335 15514 15506 15498 15234 15220 15212 15204 15196 14944 13410 13399 14694 14686 14472 14276 14264 14100 13946 13932 13384 68 69 70
9 8 13335 15514 15506 15498 15234 15220 15212 15204 15196 14944 13410 13399 14694 14686 14472 14276 14264 14100 13946 13932 13384 68 69 70
9 8 13335 15514 15506 15498 15234 15220 15212 15204 15196 14944 13410 13399 14694 14686 14472 14276 14264 14100 13946 13932 13384 68 69 70

4 2 9 2
3999 5922 5914 5906 5907 6156 6148 6140 6132 6124 6116 6108 6100 3980 3981 6318 6314 6058 4058
3999 5922 5914 5906 5907 6156 6148 6140 6132 6124 6116 6108 6100 3980 3981 6318 6314 6058 4058
3999 5922 5914 5906 5907 6156 6148 6140 6132 6124 6116 6108 6100 3980 3981 6318 6314 6058 4058
3999 5922 5914 5906 5907 6156 6148 6140 6132 6124 6116 6108 6100 3980 3981 6318 6314 6058 4058
3999 5922 5914 5906 5907 6156 6148 6140 6132 6124 6116 6108 6100 3980 3981 6318 6314 6058 4058

4 2 10 2
3999 5922 5914 5906 5642 5628 5620 5612 5604 5352 4074
3999 5922 5914 5906 5642 5628 5376 5362 5354 5346 4074
3991 5416 5402 5394 3966 3963 5378 5370 5362 5354 5346 4074
3999 5922 5658 5400 3966 3963 5378 5370 5362 5354 5346 4074
3991 5416 5402 5394 3966 3963 5378 5148 5134 5126 5118 4066

4 2 11 2
3991 5416 5178 5164 4088
3991 5416 5402 5170 4088
3999 5666 5408 5170 4088
9 8531 10196 9958 9944 8630 76
9 8531 10196 10182 9950 8630 76

4 2 12 2
3999 5922 5914 5906 5907 6156 6157 6388 6389 6623 6854 6846 4100
3999 5922 5914 5906 5907 6156 6157 6388 6380 6381 6606 6607 4100
3999 5931 6180 6172 6164 6156 6157 6388 6389 6623 6854 6846 4100
3999 5931 6189 6429 6654 6646 6638 6630 6622 6623 6854 6846 4100
3999 5931 6189 6429 6663 6894 6886 6878 6870 6862 6854 6846 4100

4 2 13 1
3999 5931 6189 6429 6663 4108 81
4005 6197 6437 6671 6911 4114 81
4005 6197 6437 6662 6663 4108 81
9 8539 10711 10969 11209 11443 8650 80 81
9 8545 10977 11217 11451 11691 8656 80 81

4 2 14 2
4001 5943 4122
4001 5943 6217 4130
4001 5937 5951 4124
9 8541 10723 8664 83
4001 5943 6211 4124

4 2 15 1
4001 5937 5945 5953 5961 5969 5977 5985 5991 5999 6007 6021 6283 6531 6537 4138 86
4001 5937 5945 5953 5961 5969 5977 5985 5991 5999 6007 6021 6283 6531 6537 4138 86
4001 5937 5945 5953 5961 5969 5977 5985 5991 5999 6007 6021 6283 6531 6537 4138 86
4001 5937 5945 5953 5961 5969 5977 5985 5991 5999 6007 6021 6283 6531 6537 4138 86
4001 5937 5945 5953 5961 5969 5977 5985 5991 5999 6007 6021 6283 6531 6537 4138 86

4 2 16 1
9 8 13337 15535 13460 13469 16073 16317 16325 16333 16341 16349 13354 13355 16371 16605 16611 16619 16627 16641 16881 16893 13494 87 88 89
9 8 13337 15535 13460 13469 16073 16317 16325 16333 16341 16349 13354 13355 16371 16605 16611 16619 16627 16641 16881 16893 13494 87 88 89
9 8 13337 15535 13460 13469 16073 16317 16325 16333 16341 16349 13354 13355 16371 16605 16611 16619 16627 16641 16881 16893 13494 87 88 89
9 8 13337 15535 13460 13469 16073 16317 16325 16333 16341 16349 13354 13355 16371 16605 16611 16619 16627 16641 16881 16893 13494 87 88 89
9 8 13337 15535 13460 13469 16073 16317 16325 16333 16341 16349 13354 13355 16371 16605 16611 16619 16627 16641 16881 16893 13494 87 88 89

4 2 17 1
9 8 13337 15529 15537 15545 15553 15561 15569 15577 15583 15591 15599 15613 15875 16123 16129 13476 13489 16403 16417 16665 13364 13367 13508 90 91 92
9 8 13337 15529 15537 15545 15553 15561 15569 15577 15583 15591 15599 15613 15875 16123 16129 13476 13489 16403 16417 16665 13364 13367 13508 90 91 92
9 8 13337 15529 15537 15545 15553 15561 15569 15577 15583 15591 15599 15613 15875 16123 16129 13476 13489 16403 16417 16665 13364 13367 13508 90 91 92
9 8 13337 15529 15537 15545 15553 15561 15569 15577 15583 15591 15599 15613 15875 16123 16129 13476 13489 16403 16417 16665 13364 13367 13508 90 91 92
9 8 13337 15529 15537 15545 15553 15561 15569 15577 15583 15591 15599 15613 15875 16123 16129 13476 13489 16403 16417 16665 13364 13367 13508 90 91 92

4 2 18 1
4005 6197 6437 6671 6911 7151 4178 95
3999 5931 6189 6429 6663 4108 4117 4178 95
4005 6197 6437 6662 6663 4108 4117 4178 95
4005 6199 6445 6679 6919 7159 7371 4184 95
4005 6199 6445 6679 6910 6911 7151 4178 95

4 2 19 1
3991 5416 5184 4968 4784 4618 4472 4344 4194 98
3991 5416 5184 4968 4788 4632 4482 4346 4194 98
3991 5422 5192 4982 4798 4634 4482 4346 4194 98
3999 5666 5408 5170 4088 4079 4778 4616 4472 4344 4194 98
3999 5666 5408 5176 4966 4784 4618 4472 4344 4194 98

5 1 8 1
12 11 10 13353 16350 16342 16334 16326 16318 16074 13470 13459 15536 13338 13335 15514 15506 15498 15234 15220 15212 15204 15196 14944 13410 13399 14694 14686 14472 14276 14264 14100 13946 13932 13384 68 69 70
12 11 10 13353 16350 16342 16334 16326 16318 16074 13470 13459 15536 13338 13335 15514 15506 15498 15234 15220 15212 15204 15196 14944 13410 13399 14694 14686 14472 14276 14264 14100 13946 13932 13384 68 69 70
12 11 10 13353 16350 16342 16334 16326 16318 16074 13470 13459 15536 13338 13335 15514 15506 15498 15234 15220 15212 15204 15196 14944 13410 13399 14694 14686 14472 14276 14264 14100 13946 13932 13384 68 69 70
12 11 10 13353 16350 16342 16334 16326 16318 16074 13470 13459 15536 13338 13335 15514 15506 15498 15234 15220 15212 15204 15196 14944 13410 13399 14694 14686 14472 14276 14264 14100 13946 13932 13384 68 69 70
12 11 10 13353 16350 16342 16334 16326 16318 16074 13470 13459 15536 13338 13335 15514 15506 15498 15234 15220 15212 15204 15196 14944 13410 13399 14694 14686 14472 14276 14264 14100 13946 13932 13384 68 69 70

5 1 9 2
12 11 10 13353 16350 16342 16334 16326 16318 16310 16302 16294 16286 16278 16270 16262 16254 16246 16238 16230 16222 16214 16206 16198 16190 15946 15932 15924 15916 15910 15906 15650 13394 71 72
12 11 10 13353 16350 16342 16334 16326 16318 16310 16302 16294 16286 16278 16270 16262 16254 16246 16238 16230 16222 16214 16206 16198 16190 15946 15932 15924 15916 15910 15906 15650 13394 71 72
12 11 10 13353 16350 16342 16334 16326 16318 16310 16302 16294 16286 16278 16270 16262 16254 16246 16238 16230 16222 16214 16206 16198 16190 15946 15932 15924 15916 15910 15906 15650 13394 71 72
12 11 10 13353 16350 16342 16334 16326 16318 16310 16302 16294 16286 16278 16270 16262 16254 16246 16238 16230 16222 16214 16206 16198 16190 15946 15932 15924 15916 15910 15906 15650 13394 71 72
12 11 10 13353 16350 16342 16334 16326 16318 16310 16302 16294 16286 16278 16270 16262 16254 16246 16238 16230 16222 16214 16206 16198 16190 15946 15932 15924 15916 15910 15906 15650 13394 71 72

5 1 10 2
12 4017 6758 6750 6742 6734 6726 6482 4132 4121 5944 4002 3999 5922 5914 5906 5642 5628 5620 5612 5604 5352 4074
12 4017 6758 6750 6742 6734 6726 6482 4132 4121 5944 4002 3999 5922 5914 5906 5642 5628 5620 5612 5604 5352 4074
12 4017 6758 6750 6742 6734 6726 6482 4132 4121 5944 4002 3999 5922 5914 5906 5642 5628 5620 5612 5604 5352 4074
12 4017 6758 6750 6742 6734 6726 6482 4132 4121 5944 4002 3999 5922 5914 5906 5642 5628 5620 5612 5604 5352 4074
12 4017 6758 6750 6742 6734 6726 6482 4132 4121 5944 4002 3999 5922 5914 5906 5642 5628 5620 5612 5604 5352 4074

5 1 11 2
12 4017 6758 6750 6742 6734 6726 6482 4132 4121 5944 4002 3991 5416 5402 5170 4088
12 4017 6758 6750 6742 6734 6726 6482 4132 4121 5944 4002 3991 5416 5402 5170 4088
12 4017 6758 6750 6742 6734 6726 6482 4132 4121 5944 4002 3991 5416 5402 5170 4088
12 4017 6758 6750 6742 6734 6726 6482 4132 4121 5944 4002 3991 5416 5402 5170 4088
12 4017 6758 6750 6742 6734 6726 6482 4132 4121 5944 4002 3991 5416 5402 5170 4088

5 1 12 2
12 4017 6758 6750 6742 6734 6726 6718 6710 6702 6694 6686 6678 6670 6662 6654 6646 6638 6630 6622 6623 6854 6846 4100
12 4017 6758 6750 6742 6734 6726 6718 6710 6702 6694 6686 6678 6670 6662 6654 6646 6638 6630 6622 6623 6854 6846 4100
12 4017 6758 6750 6742 6734 6726 6718 6710 6702 6694 6686 6678 6670 6662 6654 6646 6638 6630 6622 6623 6854 6846 4100
12 4017 6758 6750 6742 6734 6726 6718 6710 6702 6694 6686 6678 6670 6662 6654 6646 6638 6630 6622 6623 6854 6846 4100
12 4017 6758 6750 6742 6734 6726 6718 6710 6702 6694 6686 6678 6670 6662 6654 6646 6638 6630 6622 6623 6854 6846 4100

5 1 13 1
1003 2376 2368 2360 2352 2344 2336 2328 2320 2312 2304 2305 2530 2522 2523 1042
1003 2385 2613 2838 2830 2822 2814 2808 2802 2796 2788 2780 2772 2764 1044
1003 2376 2368 2360 2352 2353 2574 2575 2802 2796 2788 2780 2772 2764 1044
1003 2385 2613 2838 2830 2822 2814 2808 2566 2554 2546 2538 2530 2522 2523 1042
1003 2376 2368 2360 2352 2353 2574 2575 2566 2554 2546 2538 2530 2522 2523 1042

5 1 14 2
12 4017 6758 6750 6742 6734 6726 6482 4132
1005 2176 2173 2181 2187 1052 37 4137 6538 6532 6524 6525 4020 4017 6758 6750 6742 6734 6726 6482 4132
12 4017 6758 6750 6742 6734 6726 6482 4132
1005 2176 2173 2181 2187 1052 37 4137 6538 6532 6524 6525 4020 4017 6758 6750 6742 6734 6726 6482 4132
12 4017 6758 6750 6742 6734 6726 6482 4132

5 1 15 1
1005 2176 2173 2181 2187 1052
12 4019 6526 6523 6531 6537 4138 86
1005 2391 2184 2181 2187 1052
12 11 8559 11306 11303 11311 11317 8680 85 86
1005 2391 2399 2190 2187 1052

5 1 16 1
12 11 10 13355 16371 16605 16611 16619 16627 16641 16881 16893 13494 87 88 89
12 11 8559 11559 11793 11799 11807 11815 11829 12069 12081 8698 88 89
12 11 10 13355 16371 16609 16851 16859 16867 16875 16881 16893 13494 87 88 89
12 4019 6779 7013 7019 7027 7035 7049 7289 7301 4156 89
12 11 10 13355 16371 16609 16857 17081 17089 17095 17101 17107 13494 87 88 89

5 1 17 1
12 11 10 13355 16118 16115 16123 16129 13476 13489 16403 16417 16665 13364 13367 13508 90 91 92
12 11 8559 11306 11303 11311 11317 8680 8693 11591 11605 11853 8568 8571 8712 91 92
12 11 8559 11306 11303 11311 11317 8680 35 13489 16403 16417 16665 13364 13367 13508 90 91 92
1005 2176 2173 2181 2187 1052 1065 2429 2443 2685 1014 1017 1082
1005 2176 2173 2181 2187 1052 1065 2429 2443 2691 2925 2933 1084

5 1 18 1
1003 2376 2368 2360 2352 2344 2336 2328 2320 2312 2304 2305 2539 2773 2966 2967 1094
1003 2376 2368 2360 2352 2344 2336 2328 2320 2312 2304 2305 2539 2773 2966 2967 1094
1003 2376 2368 2360 2352 2344 2336 2328 2320 2312 2304 2305 2539 2773 2966 2967 1094
1003 2376 2368 2360 2352 2344 2336 2328 2320 2312 2304 2305 2539 2773 2966 2967 1094
1003 2376 2368 2360 2352 2344 2336 2328 2320 2312 2304 2305 2539 2773 2966 2967 1094

5 1 19 1
997 1986 1840 1828 1820 1812 1708 1570 1556 1436 1354 1298 1246 1184 1130 1102
997 1986 1840 1828 1820 1812 1708 1570 1556 1436 1354 1298 1246 1184 1130 1102
997 1986 1840 1828 1820 1812 1708 1570 1556 1436 1354 1298 1246 1184 1130 1102
997 1986 1840 1828 1820 1812 1708 1570 1556 1436 1354 1298 1246 1184 1130 1102
997 1986 1840 1828 1820 1812 1708 1570 1556 1436 1354 1298 1246 1184 1130 1102

6 1 8 1
15 14 13 13363 16666 16418 16404 13490 13475 16130 16124 15876 15614 15600 15592 15584 15578 15570 15562 15554 15546 15538 15530 13338 13335 15514 15506 15498 15234 15220 15212 15204 15196 14944 13410 13399 14694 14686 14472 14276 14264 14100 13946 13932 13384 68 69 70
15 14 13 13363 16666 16418 16404 13490 13475 16130 16124 15876 15614 15600 15592 15584 15578 15570 15562 15554 15546 15538 15530 13338 13335 15514 15506 15498 15234 15220 15212 15204 15196 14944 13410 13399 14694 14686 14472 14276 14264 14100 13946 13932 13384 68 69 70
15 14 13 13363 16666 16418 16404 13490 13475 16130 16124 15876 15614 15600 15592 15584 15578 15570 15562 15554 15546 15538 15530 13338 13335 15514 15506 15498 15234 15220 15212 15204 15196 14944 13410 13399 14694 14686 14472 14276 14264 14100 13946 13932 13384 68 69 70
15 14 13 13363 16666 16418 16404 13490 13475 16130 16124 15876 15614 15600 15592 15584 15578 15570 15562 15554 15546 15538 15530 13338 13335 15514 15506 15498 15234 15220 15212 15204 15196 14944 13410 13399 14694 14686 14472 14276 14264 14100 13946 13932 13384 68 69 70
15 14 13 13363 16666 16418 16404 13490 13475 16130 16124 15876 15614 15600 15592 15584 15578 15570 15562 15554 15546 15538 15530 13338 13335 15514 15506 15498 15234 15220 15212 15204 15196 14944 13410 13399 14694 14686 14472 14276 14264 14100 13946 13932 13384 68 69 70

6 1 9 2
15 14 13 13363 16666 16418 16404 13490 13475 16130 16124 16116 16117 13356 13353 16350 16342 16334 16326 16318 16310 16302 16294 16286 16278 16270 16262 16254 16246 16238 16230 16222 16214 16206 16198 16190 15946 15932 15924 15916 15910 15906 15650 13394 71 72
15 14 13 13363 16666 16418 16404 13490 13475 16130 16124 16116 16117 13356 13353 16350 16342 16334 16326 16318 16310 16302 16294 16286 16278 16270 16262 16254 16246 16238 16230 16222 16214 16206 16198 16190 15946 15932 15924 15916 15910 15906 15650 13394 71 72
15 14 13 13363 16666 16418 16404 13490 13475 16130 16124 16116 16117 13356 13353 16350 16342 16334 16326 16318 16310 16302 16294 16286 16278 16270 16262 16254 16246 16238 16230 16222 16214 16206 16198 16190 15946 15932 15924 15916 15910 15906 15650 13394 71 72
15 14 13 13363 16666 16418 16404 13490 13475 16130 16124 16116 16117 13356 13353 16350 16342 16334 16326 16318 16310 16302 16294 16286 16278 16270 16262 16254 16246 16238 16230 16222 16214 16206 16198 16190 15946 15932 15924 15916 15910 15906 15650 13394 71 72
15 14 13 13363 16666 16418 16404 13490 13475 16130 16124 16116 16117 13356 13353 16350 16342 16334 16326 16318 16310 16302 16294 16286 16278 16270 16262 16254 16246 16238 16230 16222 16214 16206 16198 16190 15946 15932 15924 15916 15910 15906 15650 13394 71 72

6 1 10 2
15 14 13 13363 16666 16418 16404 13490 13475 16130 16124 15876 15614 15600 15592 15584 15578 15570 15562 15554 15546 15538 15530 13338 13335 15514 15506 15498 15234 15220 15212 15204 15196 14944 13410 73 74
15 14 13 13363 16666 16418 16404 13490 13475 16130 16124 15876 15614 15600 15592 15584 15578 15570 15562 15554 15546 15538 15530 13338 13335 15514 15506 15498 15234 15220 15212 15204 15196 14944 13410 73 74
15 14 13 13363 16666 16418 16404 13490 13475 16130 16124 15876 15614 15600 15592 15584 15578 15570 15562 15554 15546 15538 15530 13338 13335 15514 15506 15498 15234 15220 15212 15204 15196 14944 13410 73 74
15 14 13 13363 16666 16418 16404 13490 13475 16130 16124 15876 15614 15600 15592 15584 15578 15570 15562 15554 15546 15538 15530 13338 13335 15514 15506 15498 15234 15220 15212 15204 15196 14944 13410 73 74
15 14 13 13363 16666 16418 16404 13490 13475 16130 16124 15876 15614 15600 15592 15584 15578 15570 15562 15554 15546 15538 15530 13338 13335 15514 15506 15498 15234 15220 15212 15204 15196 14944 13410 73 74

6 1 11 2
15 14 13 13363 16666 16418 16404 13490 13475 16130 16124 15876 15614 15600 15592 15584 15578 15570 15562 15554 15546 15538 15530 13338 13327 15008 14994 14762 13426 75 76
15 14 13 13363 16666 16418 16404 13490 13475 16130 16124 15876 15614 15600 15592 15584 15578 15570 15562 15554 15546 15538 15530 13338 13327 15008 14994 14762 13426 75 76
15 14 13 13363 16666 16418 16404 13490 13475 16130 16124 15876 15614 15600 15592 15584 15578 15570 15562 15554 15546 15538 15530 13338 13327 15008 14994 14762 13426 75 76
15 14 13 13363 16666 16418 16404 13490 13475 16130 16124 15876 15614 15600 15592 15584 15578 15570 15562 15554 15546 15538 15530 13338 13327 15008 14994 14762 13426 75 76
15 14 13 13363 16666 16418 16404 13490 13475 16130 16124 15876 15614 15600 15592 15584 15578 15570 15562 15554 15546 15538 15530 13338 13327 15008 14994 14762 13426 75 76

6 1 12 2
15 14 13 13363 16666 16418 16404 13490 13475 16130 16124 16116 16117 13356 13353 16350 16342 16334 16326 16318 16310 16302 16294 16286 16278 16270 16262 16254 16246 16238 16230 16222 16214 16215 16446 16438 13438 77 78
15 14 13 13363 16666 16418 16404 13490 13475 16130 16124 16116 16117 13356 13353 16350 16342 16334 16326 16318 16310 16302 16294 16286 16278 16270 16262 16254 16246 16238 16230 16222 16214 16215 16446 16438 13438 77 78
15 14 13 13363 16666 16418 16404 13490 13475 16130 16124 16116 16117 13356 13353 16350 16342 16334 16326 16318 16310 16302 16294 16286 16278 16270 16262 16254 16246 16238 16230 16222 16214 16215 16446 16438 13438 77 78
15 14 13 13363 16666 16418 16404 13490 13475 16130 16124 16116 16117 13356 13353 16350 16342 16334 16326 16318 16310 16302 16294 16286 16278 16270 16262 16254 16246 16238 16230 16222 16214 16215 16446 16438 13438 77 78
15 14 13 13363 16666 16418 16404 13490 13475 16130 16124 16116 16117 13356 13353 16350 16342 16334 16326 16318 16310 16302 16294 16286 16278 16270 16262 16254 16246 16238 16230 16222 16214 16215 16446 16438 13438 77 78

6 1 13 1
15 14 13 13363 16666 16658 16650 16644 16636 16628 16620 16612 16606 16602 16598 16592 16593 16824 16816 16808 16800 16794 16788 16782 16774 16766 16758 16750 16742 13452 79 80 81
15 14 13 13363 16666 16658 16650 16644 16636 16628 16620 16612 16606 16602 16598 16592 16593 16824 16816 16808 16800 16794 16788 16782 16774 16766 16758 16750 16742 13452 79 80 81
15 14 13 13363 16666 16658 16650 16644 16636 16628 16620 16612 16606 16602 16598 16592 16593 16824 16816 16808 16800 16794 16788 16782 16774 16766 16758 16750 16742 13452 79 80 81
15 14 13 13363 16666 16658 16650 16644 16636 16628 16620 16612 16606 16602 16598 16592 16593 16824 16816 16808 16800 16794 16788 16782 16774 16766 16758 16750 16742 13452 79 80 81
15 14 13 13363 16666 16658 16650 16644 16636 16628 16620 16612 16606 16602 16598 16592 16593 16824 16816 16808 16800 16794 16788 16782 16774 16766 16758 16750 16742 13452 79 80 81

6 1 14 2
15 14 13 13363 16666 16418 16404 13490 13475 16130 16124 16116 16117 13356 13353 16350 16342 16334 16326 16318 16074 13470 82 83
15 14 13 13363 16666 16418 16404 13490 13475 16130 16124 16116 16117 13356 13353 16350 16342 16334 16326 16318 16074 13470 82 83
15 14 13 13363 16666 16418 16404 13490 13475 16130 16124 16116 16117 13356 13353 16350 16342 16334 16326 16318 16074 13470 82 83
15 14 13 13363 16666 16418 16404 13490 13475 16130 16124 16116 16117 13356 13353 16350 16342 16334 16326 16318 16074 13470 82 83
15 14 13 13363 16666 16418 16404 13490 13475 16130 16124 16116 16117 13356 13353 16350 16342 16334 16326 16318 16074 13470 82 83

6 1 15 1
1013 2686 2444 2430 1066
15 4027 7074 6826 6812 4152 86
1013 2450 2438 2430 1066
15 14 8567 11854 11606 11592 8694 85 86
15 4027 6832 6820 6812 4152 86

6 1 16 1
1013 2697 1068
1015 2703 1068
15 4027 7085 4154 89
15 4029 7091 4154 89
15 14 8567 11865 8696 88 89

6 1 17 1
1017 1082
15 4031 4170 92
1017 2713 1086
15 14 8571 8712 91 92
1015 2701 1082

6 1 18 1
15 14 13 13363 16666 16658 16650 16644 16636 16628 16620 16612 16606 16602 16598 16592 16593 16824 16816 16808 16800 16794 16788 16782 16774 16766 16758 16759 16962 16963 13522 93 94 95
15 14 13 13363 16666 16658 16650 16644 16636 16628 16620 16612 16606 16602 16598 16592 16593 16824 16816 16808 16800 16794 16788 16782 16774 16766 16758 16759 16962 16963 13522 93 94 95
15 14 13 13363 16666 16658 16650 16644 16636 16628 16620 16612 16606 16602 16598 16592 16593 16824 16816 16808 16800 16794 16788 16782 16774 16766 16758 16759 16962 16963 13522 93 94 95
15 14 13 13363 16666 16658 16650 16644 16636 16628 16620 16612 16606 16602 16598 16592 16593 16824 16816 16808 16800 16794 16788 16782 16774 16766 16758 16759 16962 16963 13522 93 94 95
15 14 13 13363 16666 16658 16650 16644 16636 16628 16620 16612 16606 16602 16598 16592 16593 16824 16816 16808 16800 16794 16788 16782 16774 16766 16758 16759 16962 16963 13522 93 94 95

6 1 19 1
15 14 13 13363 16666 16418 16404 13490 13475 16130 16124 15876 15614 15344 15330 15078 15064 15056 15050 14818 14804 14592 14396 14382 14374 14210 14058 13922 13532 96 97 98
15 14 13 13363 16666 16418 16404 13490 13475 16130 16124 15876 15614 15344 15330 15078 15064 15056 15050 14818 14804 14592 14396 14382 14374 14210 14058 13922 13532 96 97 98
15 14 13 13363 16666 16418 16404 13490 13475 16130 16124 15876 15614 15344 15330 15078 15064 15056 15050 14818 14804 14592 14396 14382 14374 14210 14058 13922 13532 96 97 98
15 14 13 13363 16666 16418 16404 13490 13475 16130 16124 15876 15614 15344 15330 15078 15064 15056 15050 14818 14804 14592 14396 14382 14374 14210 14058 13922 13532 96 97 98
15 14 13 13363 16666 16418 16404 13490 13475 16130 16124 15876 15614 15344 15330 15078 15064 15056 15050 14818 14804 14592 14396 14382 14374 14210 14058 13922 13532 96 97 98

7 1 8 1
18 17 16 13369 17350 17178 16968 13458 13443 16236 15986 15730 15456 15186 14928 14692 14472 14276 14264 14100 13946 13932 13384 68 69 70
18 17 16 13369 17350 17178 16968 13458 13443 16236 15986 15730 15456 15186 14928 14692 14472 14276 14264 14100 13946 13932 13384 68 69 70
18 17 16 13369 17350 17178 16968 13458 13443 16236 15986 15730 15456 15186 14928 14692 14472 14276 14264 14100 13946 13932 13384 68 69 70
18 17 16 13369 17350 17178 16968 13458 13443 16236 15986 15730 15456 15186 14928 14692 14472 14276 14264 14100 13946 13932 13384 68 69 70
18 17 16 13369 17350 17178 16968 13458 13443 16236 15986 15730 15456 15186 14928 14692 14472 14276 14264 14100 13946 13932 13384 68 69 70

7 1 9 2
18 17 16 13369 17474 17472 17336 17162 13522 13519 17152 16940 16708 16700 16698 16696 13440 13431 16168 16164 15908 15650 13394 71 72
18 17 16 13369 17474 17472 17336 17162 13522 13519 17152 16940 16708 16700 16698 16696 13440 13431 16168 16164 15908 15650 13394 71 72
18 17 16 13369 17474 17472 17336 17162 13522 13519 17152 16940 16708 16700 16698 16696 13440 13431 16168 16164 15908 15650 13394 71 72
18 17 16 13369 17474 17472 17336 17162 13522 13519 17152 16940 16708 16700 16698 16696 13440 13431 16168 16164 15908 15650 13394 71 72
18 17 16 13369 17474 17472 17336 17162 13522 13519 17152 16940 16708 16700 16698 16696 13440 13431 16168 16164 15908 15650 13394 71 72

7 1 10 2
18 4033 7752 7586 7376 4120 4105 6644 6400 6146 5878 5610 5352 4074
18 4033 7752 7586 7376 4120 4105 6644 6400 6146 5878 5610 5352 4074
18 4033 7752 7586 7376 4120 4105 6644 6400 6146 5878 5610 5352 4074
18 4033 7752 7586 7376 4120 4105 6644 6400 6146 5878 5610 5352 4074
18 4033 7752 7586 7376 4120 4105 6644 6400 6146 5878 5610 5352 4074

7 1 11 2
18 4033 7758 7600 7398 7178 6930 6682 6440 6192 5926 5664 5408 5170 4088
18 4033 7758 7600 7398 7178 6930 6682 6440 6192 5926 5664 5408 5170 4088
18 4033 7758 7600 7398 7178 6930 6682 6440 6192 5926 5664 5408 5170 4088
18 4033 7758 7600 7398 7178 6930 6682 6440 6192 5926 5664 5408 5170 4088
18 4033 7758 7600 7398 7178 6930 6682 6440 6192 5926 5664 5408 5170 4088

7 1 12 2
18 4033 7868 7866 7738 7570 4184 4181 7560 7348 7344 7110 7106 4104
18 17 8573 12662 12660 12524 12350 8726 8723 12340 12128 12124 11890 11886 11884 8644 78
1019 3342 3340 3252 3138 1094 46 4181 7560 7348 7344 7110 7106 4104
18 17 16 13369 17474 17472 17336 17162 13522 13519 17152 16940 16708 16700 16698 16696 13440 77 78
1019 3342 3340 3252 3138 1094 1087 1046 32 4109 7126 7118 7112 7108 7106 4104

7 1 13 1
18 4033 7752 7586 7376 4120 81
18 4033 7758 7594 7384 7156 4114 81
18 17 8573 12538 12366 12156 8662 80 81
1019 3342 3256 3150 2972 1048
18 17 8573 12538 12372 12164 11936 8656 80 81

7 1 14 2
18 4035 7766 7614 7414 7194 6950 6712 6472 4130
1019 3342 3256 3150 2972 1048 32 4113 6912 6909 6917 6688 6685 6462 4128
18 4035 7766 7614 7414 7194 6950 6712 6472 4130
1019 3342 3256 3150 2972 1048 32 4113 6912 6909 6917 6688 6685 6462 4128
18 4035 7766 7614 7414 7194 6950 6712 6472 4130

7 1 15 1
1025 3364 3361 3369 3266 3172 3030 2848 2614 2386 1004 1005 2176 2173 2181 2187 1052
1025 3364 3361 3369 3266 3172 3030 2848 2614 2386 1004 1005 2176 2173 2181 2187 1052
1025 3364 3361 3369 3266 3172 3030 2848 2614 2386 1004 1005 2176 2173 2181 2187 1052
1025 3364 3361 3369 3266 3172 3030 2848 2614 2386 1004 1005 2176 2173 2181 2187 1052
1025 3364 3361 3369 3266 3172 3030 2848 2614 2386 1004 1005 2176 2173 2181 2187 1052

7 1 16 1
18 17 16 13373 17599 17496 17382 17230 17032 16818 16815 16823 16594 16591 16597 16601 16605 16611 16619 16627 16641 16881 16893 13494 87 88 89
18 17 16 13373 17599 17496 17382 17230 17032 16818 16815 16823 16594 16591 16597 16601 16605 16611 16619 16627 16641 16881 16893 13494 87 88 89
18 17 16 13373 17599 17496 17382 17230 17032 16818 16815 16823 16594 16591 16597 16601 16605 16611 16619 16627 16641 16881 16893 13494 87 88 89
18 17 16 13373 17599 17496 17382 17230 17032 16818 16815 16823 16594 16591 16597 16601 16605 16611 16619 16627 16641 16881 16893 13494 87 88 89
18 17 16 13373 17599 17496 17382 17230 17032 16818 16815 16823 16594 16591 16597 16601 16605 16611 16619 16627 16641 16881 16893 13494 87 88 89

7 1 17 1
18 17 16 13373 17599 17496 17382 17230 17032 16818 16815 16823 16594 16591 16597 16601 16605 16611 16619 16627 16635 16643 16649 16657 16665 13364 13367 13508 90 91 92
18 17 16 13373 17599 17496 17382 17230 17032 16818 16815 16823 16594 16591 16597 16601 16605 16611 16619 16627 16635 16643 16649 16657 16665 13364 13367 13508 90 91 92
18 17 16 13373 17599 17496 17382 17230 17032 16818 16815 16823 16594 16591 16597 16601 16605 16611 16619 16627 16635 16643 16649 16657 16665 13364 13367 13508 90 91 92
18 17 16 13373 17599 17496 17382 17230 17032 16818 16815 16823 16594 16591 16597 16601 16605 16611 16619 16627 16635 16643 16649 16657 16665 13364 13367 13508 90 91 92
18 17 16 13373 17599 17496 17382 17230 17032 16818 16815 16823 16594 16591 16597 16601 16605 16611 16619 16627 16635 16643 16649 16657 16665 13364 13367 13508 90 91 92

7 1 18 1
1019 3342 3340 3252 3138 1094
18 4033 7868 7866 7738 7570 4184 95
18 4033 7752 7740 7736 7570 4184 95
18 4033 7752 7586 7572 7566 4184 95
18 17 8573 12662 12660 12524 12350 8726 94 95

7 1 19 1
18 4033 7758 7600 7398 7178 6930 6682 6440 6192 5926 5664 5408 5170 4088 4079 4778 4616 4472 4344 4194 98
18 4033 7758 7600 7398 7178 6930 6682 6440 6192 5926 5664 5408 5170 4088 4079 4778 4616 4472 4344 4194 98
18 4033 7758 7600 7398 7178 6930 6682 6440 6192 5926 5664 5408 5170 4088 4079 4778 4616 4472 4344 4194 98
18 4033 7758 7600 7398 7178 6930 6682 6440 6192 5926 5664 5408 5170 4088 4079 4778 4616 4472 4344 4194 98
18 4033 7758 7600 7398 7178 6930 6682 6440 6192 5926 5664 5408 5170 4088 4079 4778 4616 4472 4344 4194 98

