0 3 8 1
1 13259 13764 13756 13748 13740 13732 13724 13716 13708 13709 13378 68 69 70
1 13257 13756 13748 13740 13732 13724 13716 13708 13709 13378 68 69 70
1 13259 13764 13756 13748 13740 13732 13724 13716 13717 13380 68 69 70
1 13257 13756 13748 13740 13732 13724 13716 13717 13380 68 69 70
1 13259 13764 13756 13748 13740 13732 13724 13716 13717 13800 13378 68 69 70

0 3 9 2
1 13267 13873 13999 14141 14295 14466 14467 13278 13281 14883 15125 13388 71 72
1 13267 13873 13999 14141 14295 14466 14467 13278 13281 14883 15125 13388 71 72
1 13267 13873 13999 14141 14295 14466 14467 13278 13281 14883 15125 13388 71 72
1 13267 13873 13999 14141 14295 14466 14467 13278 13281 14883 15125 13388 71 72
1 13267 13873 13999 14141 14295 14466 14467 13278 13281 14883 15125 13388 71 72

0 3 10 2
8471 9061 9187 9331 9493 9681 8604 74
1 13267 13873 13999 14143 14305 14493 13400 73 74
8471 9061 9187 9331 9493 9683 8606 74
8471 9061 9187 9331 9495 9689 8606 74
8471 9061 9187 9333 9501 9689 8606 74

0 3 11 2
8473 9071 9205 9357 9527 8618 76
8473 9071 9205 9357 9521 9535 8620 76
8473 9071 9205 9351 9365 9535 8620 76
8473 9071 9199 9213 9365 9535 8620 76
8473 9071 9205 9357 9527 9717 8620 76

0 3 12 2
8471 9061 9187 9331 9493 9681 8604 8611 10121 10369 10623 10883 11131 11373 8640 78
8471 9061 9187 9331 9493 9681 8604 8611 10121 10369 10623 10883 11131 11373 8640 78
8471 9061 9187 9331 9493 9681 8604 8611 10121 10369 10623 10883 11131 11373 8640 78
8471 9061 9187 9331 9493 9681 8604 8611 10121 10369 10623 10883 11131 11373 8640 78
8471 9061 9187 9331 9493 9681 8604 8611 10121 10369 10623 10883 11131 11373 8640 78

0 3 13 1
8471 9061 9187 9331 9493 9681 8604 8613 10131 10389 10657 10925 11181 11429 8648 80 81
8471 9061 9187 9331 9493 9681 8604 8613 10131 10389 10657 10925 11181 11429 8648 80 81
8471 9061 9187 9331 9493 9681 8604 8613 10131 10389 10657 10925 11181 11429 8648 80 81
8471 9061 9187 9331 9493 9681 8604 8613 10131 10389 10657 10925 11181 11429 8648 80 81
8471 9061 9187 9331 9493 9681 8604 8613 10131 10389 10657 10925 11181 11429 8648 80 81

0 3 14 2
8473 9071 9205 9357 9527 8618 8629 9943 9957 10195 8532 8541 10723 8664 83
8473 9071 9205 9357 9527 8618 8629 9943 9957 10195 8532 8541 10723 8664 83
8473 9071 9205 9357 9527 8618 8629 9943 9957 10195 8532 8541 10723 8664 83
8473 9071 9205 9357 9527 8618 8629 9943 9957 10195 8532 8541 10723 8664 83
8473 9071 9205 9357 9527 8618 8629 9943 9957 10195 8532 8541 10723 8664 83

0 3 15 1
8473 9071 9205 9357 9527 8618 8629 9943 9957 10195 8532 8541 10717 10725 10733 10741 10749 10757 10765 10771 10779 10787 10801 11063 11311 11317 8680 85 86
8473 9071 9205 9357 9527 8618 8629 9943 9957 10195 8532 8541 10717 10725 10733 10741 10749 10757 10765 10771 10779 10787 10801 11063 11311 11317 8680 85 86
8473 9071 9205 9357 9527 8618 8629 9943 9957 10195 8532 8541 10717 10725 10733 10741 10749 10757 10765 10771 10779 10787 10801 11063 11311 11317 8680 85 86
8473 9071 9205 9357 9527 8618 8629 9943 9957 10195 8532 8541 10717 10725 10733 10741 10749 10757 10765 10771 10779 10787 10801 11063 11311 11317 8680 85 86
8473 9071 9205 9357 9527 8618 8629 9943 9957 10195 8532 8541 10717 10725 10733 10741 10749 10757 10765 10771 10779 10787 10801 11063 11311 11317 8680 85 86

0 3 16 1
1 13269 13883 14017 14169 14339 13414 13425 14755 14769 15007 13328 13337 15535 13460 13469 16073 16317 16325 16333 16341 16349 13354 13355 16371 16605 16611 16619 16627 16641 16881 16893 13494 87 88 89
1 13269 13883 14017 14169 14339 13414 13425 14755 14769 15007 13328 13337 15535 13460 13469 16073 16317 16325 16333 16341 16349 13354 13355 16371 16605 16611 16619 16627 16641 16881 16893 13494 87 88 89
1 13269 13883 14017 14169 14339 13414 13425 14755 14769 15007 13328 13337 15535 13460 13469 16073 16317 16325 16333 16341 16349 13354 13355 16371 16605 16611 16619 16627 16641 16881 16893 13494 87 88 89
1 13269 13883 14017 14169 14339 13414 13425 14755 14769 15007 13328 13337 15535 13460 13469 16073 16317 16325 16333 16341 16349 13354 13355 16371 16605 16611 16619 16627 16641 16881 16893 13494 87 88 89
1 13269 13883 14017 14169 14339 13414 13425 14755 14769 15007 13328 13337 15535 13460 13469 16073 16317 16325 16333 16341 16349 13354 13355 16371 16605 16611 16619 16627 16641 16881 16893 13494 87 88 89

0 3 17 1
1 13269 13883 14017 14169 14339 13414 13425 14755 14769 15007 13328 13337 15529 15537 15545 15553 15561 15569 15577 15583 15591 15599 15613 15875 16123 16129 13476 13489 16403 16417 16665 13364 13367 13508 90 91 92
1 13269 13883 14017 14169 14339 13414 13425 14755 14769 15007 13328 13337 15529 15537 15545 15553 15561 15569 15577 15583 15591 15599 15613 15875 16123 16129 13476 13489 16403 16417 16665 13364 13367 13508 90 91 92
1 13269 13883 14017 14169 14339 13414 13425 14755 14769 15007 13328 13337 15529 15537 15545 15553 15561 15569 15577 15583 15591 15599 15613 15875 16123 16129 13476 13489 16403 16417 16665 13364 13367 13508 90 91 92
1 13269 13883 14017 14169 14339 13414 13425 14755 14769 15007 13328 13337 15529 15537 15545 15553 15561 15569 15577 15583 15591 15599 15613 15875 16123 16129 13476 13489 16403 16417 16665 13364 13367 13508 90 91 92
1 13269 13883 14017 14169 14339 13414 13425 14755 14769 15007 13328 13337 15529 15537 15545 15553 15561 15569 15577 15583 15591 15599 15613 15875 16123 16129 13476 13489 16403 16417 16665 13364 13367 13508 90 91 92

0 3 18 1
8471 9061 9187 9331 9493 9681 8604 8613 10131 10389 10657 10923 11171 11413 11661 11911 8718 94 95
8471 9061 9187 9331 9493 9681 8604 8613 10131 10389 10657 10923 11171 11413 11661 11911 8718 94 95
8471 9061 9187 9331 9493 9681 8604 8613 10131 10389 10657 10923 11171 11413 11661 11911 8718 94 95
8471 9061 9187 9331 9493 9681 8604 8613 10131 10389 10657 10923 11171 11413 11661 11911 8718 94 95
8471 9061 9187 9331 9493 9681 8604 8613 10131 10389 10657 10923 11171 11413 11661 11911 8718 94 95

0 3 19 1
8473 9065 9073 9081 9089 8734 97 98
8473 9065 9073 9081 8732 97 98
8465 8967 8975 8985 9089 8734 97 98
8465 8967 8979 9081 9089 8734 97 98
8465 8973 9073 9081 9089 8734 97 98

1 2 8 1
3 2 13273 14446 14254 14084 13930 13382 68 69 70
3 8477 9634 9442 9272 9118 8586 69 70
3 2 13273 14440 14252 14084 13930 13382 68 69 70
3937 4864 4678 4508 4354 4046 70
3 8477 9628 9440 9272 9118 8586 69 70

1 2 9 2
3945 5291 5533 4052
3 8485 10071 10313 8592 72
3943 5283 5527 4052
3945 5293 5541 5795 4058
3945 5293 5541 5786 4052

1 2 10 2
3949 5305 5313 5321 4070
3949 5305 5313 5321 5329 4072
3941 5077 5085 5093 5101 4064
3 8489 10085 10093 10101 8610 74
3 8489 10085 10093 10101 10109 8612 74

1 2 11 2
3941 5077 5085 5093 5101 5109 5117 5125 5133 5141 5149 4086
3941 5077 5085 5093 5101 5109 5117 5125 5133 5141 4084
3 8481 9857 9865 9873 9881 9889 9897 9905 9913 9921 9929 8628 76
3 8481 9857 9865 9873 9881 9889 9897 9905 9913 9921 8626 76
3 2 13277 14669 14677 14685 14693 14701 14709 14717 14725 14733 14741 13424 75 76

1 2 12 2
3949 5311 5567 5829 6095 6343 6585 4096
3 8489 10091 10347 10609 10875 11123 11365 8638 78
3949 5311 5567 5829 3978 3985 6343 6585 4096
3947 5303 5561 5829 6095 6343 6585 4096
3 2 13285 14903 15159 15421 15687 15935 16177 13434 77 78

1 2 13 1
3949 5311 5563 5571 5579 5593 5863 6137 6393 6643 4106 81
3949 5311 5563 5577 5847 6115 6129 6379 6393 6643 4106 81
3949 5311 5563 5577 5847 6121 6377 6627 6883 4110 81
3949 5311 5563 5577 5847 6121 6377 6627 6877 6891 4112 81
3949 5311 5563 5577 5847 6121 6377 6627 6883 7133 4112 81

1 2 14 2
3949 5311 5563 5571 5579 5587 5595 5603 5611 5619 5627 5641 5905 5913 5921 4000 4001 5943 4122
3949 5311 5563 5571 5579 5587 5595 5603 5611 5619 5627 5641 5905 5913 5921 4000 4001 5943 4122
3949 5311 5563 5571 5579 5587 5595 5603 5611 5619 5627 5641 5905 5913 5921 4000 4001 5943 4122
3949 5311 5563 5571 5579 5587 5595 5603 5611 5619 5627 5641 5905 5913 5921 4000 4001 5943 4122
3949 5311 5563 5571 5579 5587 5595 5603 5611 5619 5627 5641 5905 5913 5921 4000 4001 5943 4122

1 2 15 1
3 2 13285 14903 15155 15163 15171 15179 15187 15195 15203 15211 15219 15233 15497 15505 15513 13336 13337 15529 15537 15545 15553 15561 15569 15577 15583 15591 15599 15613 15875 16123 16129 13476 84 85 86
3 2 13285 14903 15155 15163 15171 15179 15187 15195 15203 15211 15219 15233 15497 15505 15513 13336 13337 15529 15537 15545 15553 15561 15569 15577 15583 15591 15599 15613 15875 16123 16129 13476 84 85 86
3 2 13285 14903 15155 15163 15171 15179 15187 15195 15203 15211 15219 15233 15497 15505 15513 13336 13337 15529 15537 15545 15553 15561 15569 15577 15583 15591 15599 15613 15875 16123 16129 13476 84 85 86
3 2 13285 14903 15155 15163 15171 15179 15187 15195 15203 15211 15219 15233 15497 15505 15513 13336 13337 15529 15537 15545 15553 15561 15569 15577 15583 15591 15599 15613 15875 16123 16129 13476 84 85 86
3 2 13285 14903 15155 15163 15171 15179 15187 15195 15203 15211 15219 15233 15497 15505 15513 13336 13337 15529 15537 15545 15553 15561 15569 15577 15583 15591 15599 15613 15875 16123 16129 13476 84 85 86

1 2 16 1
3 2 13285 14903 15155 15163 15171 15179 15187 15195 15203 15211 15219 15233 15497 15505 15513 13336 13337 15535 13460 13469 16073 16317 16325 16333 16341 16349 13354 13355 16371 16605 16611 16619 16627 16641 16881 16893 13494 87 88 89
3 2 13285 14903 15155 15163 15171 15179 15187 15195 15203 15211 15219 15233 15497 15505 15513 13336 13337 15535 13460 13469 16073 16317 16325 16333 16341 16349 13354 13355 16371 16605 16611 16619 16627 16641 16881 16893 13494 87 88 89
3 2 13285 14903 15155 15163 15171 15179 15187 15195 15203 15211 15219 15233 15497 15505 15513 13336 13337 15535 13460 13469 16073 16317 16325 16333 16341 16349 13354 13355 16371 16605 16611 16619 16627 16641 16881 16893 13494 87 88 89
3 2 13285 14903 15155 15163 15171 15179 15187 15195 15203 15211 15219 15233 15497 15505 15513 13336 13337 15535 13460 13469 16073 16317 16325 16333 16341 16349 13354 13355 16371 16605 16611 16619 16627 16641 16881 16893 13494 87 88 89
3 2 13285 14903 15155 15163 15171 15179 15187 15195 15203 15211 15219 15233 15497 15505 15513 13336 13337 15535 13460 13469 16073 16317 16325 16333 16341 16349 13354 13355 16371 16605 16611 16619 16627 16641 16881 16893 13494 87 88 89

1 2 17 1
3 2 13285 14903 15155 15163 15171 15179 15187 15195 15203 15211 15219 15233 15497 15505 15513 13336 13337 15529 15537 15545 15553 15561 15569 15577 15583 15591 15599 15613 15875 16123 16129 13476 13489 16403 16417 16665 13364 13367 13508 90 91 92
3 2 13285 14903 15155 15163 15171 15179 15187 15195 15203 15211 15219 15233 15497 15505 15513 13336 13337 15529 15537 15545 15553 15561 15569 15577 15583 15591 15599 15613 15875 16123 16129 13476 13489 16403 16417 16665 13364 13367 13508 90 91 92
3 2 13285 14903 15155 15163 15171 15179 15187 15195 15203 15211 15219 15233 15497 15505 15513 13336 13337 15529 15537 15545 15553 15561 15569 15577 15583 15591 15599 15613 15875 16123 16129 13476 13489 16403 16417 16665 13364 13367 13508 90 91 92
3 2 13285 14903 15155 15163 15171 15179 15187 15195 15203 15211 15219 15233 15497 15505 15513 13336 13337 15529 15537 15545 15553 15561 15569 15577 15583 15591 15599 15613 15875 16123 16129 13476 13489 16403 16417 16665 13364 13367 13508 90 91 92
3 2 13285 14903 15155 15163 15171 15179 15187 15195 15203 15211 15219 15233 15497 15505 15513 13336 13337 15529 15537 15545 15553 15561 15569 15577 15583 15591 15599 15613 15875 16123 16129 13476 13489 16403 16417 16665 13364 13367 13508 90 91 92

1 2 18 1
3949 5311 5569 5839 6113 6369 6619 6875 7131 4176 95
3 8489 10091 10349 10619 10893 11149 11399 11655 11911 8718 94 95
3949 5311 5569 5839 6113 6369 6619 6875 7131 7357 4182 95
3 2 13285 14903 15161 15431 15705 15961 16211 16467 16723 13514 93 94 95
3947 5303 5561 5831 6105 6361 6611 6867 7117 7131 4176 95

1 2 19 1
3941 4886 4883 4720 4566 4563 4438 4435 4443 4336 4192 98
3941 4886 4883 4720 4717 4725 4733 4590 4454 4336 4192 98
3941 4886 4883 4891 4728 4725 4733 4590 4454 4336 4192 98
3941 4886 4883 4720 4717 4574 4438 4435 4443 4336 4192 98
3941 4886 4883 4720 4566 4430 4427 4435 4443 4336 4192 98

2 2 8 1
5 4 13289 14734 14726 14718 14504 14490 14482 14474 14466 14276 14264 14100 13946 13932 13384 68 69 70
5 4 13289 14734 14726 14718 14504 14490 14482 14474 14466 14276 14264 14100 13946 13932 13384 68 69 70
5 4 13289 14734 14726 14718 14504 14490 14482 14474 14466 14276 14264 14100 13946 13932 13384 68 69 70
5 4 13289 14734 14726 14718 14504 14490 14482 14474 14466 14276 14264 14100 13946 13932 13384 68 69 70
5 4 13289 14734 14726 14718 14504 14490 14482 14474 14466 14276 14264 14100 13946 13932 13384 68 69 70

2 2 9 2
3963 5378 5370 5362 5354 5346 5347 5589 5843 3980 3981 6318 6314 6058 4058
3963 5378 5370 5362 5354 5346 5347 5589 5843 3980 3981 6318 6314 6058 4058
3963 5378 5370 5362 5354 5346 5347 5589 5843 3980 3981 6318 6314 6058 4058
3963 5378 5370 5362 5354 5346 5347 5589 5843 3980 3981 6318 6314 6058 4058
3963 5378 5370 5362 5354 5346 5347 5589 5843 3980 3981 6318 6314 6058 4058

2 2 10 2
3963 5378 5370 5362 5354 5346 4074
3963 5378 5370 5362 5354 4076
3961 5370 5362 5354 5346 4074
3961 5370 5362 5354 4076
5 8503 10158 10150 10142 10134 10126 8614 74

2 2 11 2
3951
3957 4088
3955 4086
5 8491 76
5 8497 8630 76

2 2 12 2
3963 5387 5620 5612 5613 5867 6125 6365 6599 4098
3963 5378 5379 5612 5613 5867 6125 6365 6599 4098
3963 5387 5620 5621 5875 6133 6373 6607 4100
3963 5378 5370 5371 5613 5867 6125 6365 6599 4098
3963 5378 5379 5621 5875 6133 6373 6607 4100

2 2 13 1
3963 5389 5639 5901 6167 6415 6657 4108 81
3969 5639 5901 6167 6415 6657 4108 81
3965 5397 5647 5909 6175 6423 6663 4108 81
3971 5647 5909 6175 6423 6663 4108 81
3965 5397 5647 5907 6167 6415 6657 4108 81

2 2 14 2
3965 5393 5401 5415 3992 4001 5943 4122
3965 5393 5407 5665 4000 4001 5943 4122
3965 5393 5407 5659 3992 4001 5943 4122
3965 5399 5657 5921 4000 4001 5943 4122
3965 5399 5651 5665 4000 4001 5943 4122

2 2 15 1
3965 5393 5401 5415 3992 4001 5937 5945 5953 5961 5969 5977 5985 5991 5999 6007 6021 6283 6531 6537 4138 86
3965 5393 5401 5415 3992 4001 5937 5945 5953 5961 5969 5977 5985 5991 5999 6007 6021 6283 6531 6537 4138 86
3965 5393 5401 5415 3992 4001 5937 5945 5953 5961 5969 5977 5985 5991 5999 6007 6021 6283 6531 6537 4138 86
3965 5393 5401 5415 3992 4001 5937 5945 5953 5961 5969 5977 5985 5991 5999 6007 6021 6283 6531 6537 4138 86
3965 5393 5401 5415 3992 4001 5937 5945 5953 5961 5969 5977 5985 5991 5999 6007 6021 6283 6531 6537 4138 86

2 2 16 1
5 4 13301 14985 14993 15007 13328 13337 15535 13460 13469 16073 16317 16325 16333 16341 16349 13354 13355 16371 16605 16611 16619 16627 16641 16881 16893 13494 87 88 89
5 4 13301 14985 14993 15007 13328 13337 15535 13460 13469 16073 16317 16325 16333 16341 16349 13354 13355 16371 16605 16611 16619 16627 16641 16881 16893 13494 87 88 89
5 4 13301 14985 14993 15007 13328 13337 15535 13460 13469 16073 16317 16325 16333 16341 16349 13354 13355 16371 16605 16611 16619 16627 16641 16881 16893 13494 87 88 89
5 4 13301 14985 14993 15007 13328 13337 15535 13460 13469 16073 16317 16325 16333 16341 16349 13354 13355 16371 16605 16611 16619 16627 16641 16881 16893 13494 87 88 89
5 4 13301 14985 14993 15007 13328 13337 15535 13460 13469 16073 16317 16325 16333 16341 16349 13354 13355 16371 16605 16611 16619 16627 16641 16881 16893 13494 87 88 89

2 2 17 1
5 4 13301 14985 14993 15007 13328 13337 15529 15537 15545 15553 15561 15569 15577 15583 15591 15599 15613 15875 16123 16129 13476 13489 16403 16417 16665 13364 13367 13508 90 91 92
5 4 13301 14985 14993 15007 13328 13337 15529 15537 15545 15553 15561 15569 15577 15583 15591 15599 15613 15875 16123 16129 13476 13489 16403 16417 16665 13364 13367 13508 90 91 92
5 4 13301 14985 14993 15007 13328 13337 15529 15537 15545 15553 15561 15569 15577 15583 15591 15599 15613 15875 16123 16129 13476 13489 16403 16417 16665 13364 13367 13508 90 91 92
5 4 13301 14985 14993 15007 13328 13337 15529 15537 15545 15553 15561 15569 15577 15583 15591 15599 15613 15875 16123 16129 13476 13489 16403 16417 16665 13364 13367 13508 90 91 92
5 4 13301 14985 14993 15007 13328 13337 15529 15537 15545 15553 15561 15569 15577 15583 15591 15599 15613 15875 16123 16129 13476 13489 16403 16417 16665 13364 13367 13508 90 91 92

2 2 18 1
3963 5389 5639 5901 6167 6415 6657 4108 4117 4178 95
3963 5389 5639 5901 6167 6415 6657 4108 81 1045 1088
3969 5639 5901 6167 6415 6657 4108 4117 4178 95
3969 5639 5901 6167 6415 6657 4108 81 1045 1088
3965 5397 5647 5909 6175 6423 6663 4108 4117 4178 95

2 2 19 1
3951 4079 4778 4616 4472 4344 4194 98
3951 4079 4778 4616 4472 4198 98
3955 4958 4778 4616 4472 4344 4194 98
3955 4958 4778 4616 4472 4198 98
3957 4088 4079 4778 4616 4472 4344 4194 98

3 2 8 1
7 6 13313 15422 15160 14904 14668 14448 14254 14084 13930 13382 68 69 70
7 6 13313 15422 15160 14904 13286 13273 14446 14254 14084 13930 13382 68 69 70
7 6 13313 15422 15160 14904 13286 13273 14440 14252 14084 13930 13382 68 69 70
7 6 13313 15422 15154 14896 13284 13273 14446 14254 14084 13930 13382 68 69 70
7 6 13313 15422 15160 14904 13286 13273 14440 14246 14082 13930 13382 68 69 70

3 2 9 2
3981 6318 6314 6058 4058
3983 6324 6318 6314 6058 4058
3981 6318 6066 4060
3981 6318 6066 6054 4058
3981 6074 6060 4060

3 2 10 2
3977 5836 5582 5340 4072
7 8517 10616 10362 10120 8612 74
3977 5836 5576 5332 4070
3979 5844 5590 5342 4072
3977 5836 5576 5571 5340 4072

3 2 11 2
3977 5836 5582 5340 4072 4065 5117 5125 5133 5141 5149 4086
3977 5836 5582 5340 4072 4067 5125 5133 5141 5149 4086
3977 5836 5582 5340 4072 4065 5117 5125 5133 5141 4084
3977 5836 5582 5340 4072 4067 5125 5133 5141 4084
3977 5836 5833 5590 5348 5128 5125 5133 5141 5149 4086

3 2 12 2
3985 6343 6585 4096
3983 6337 6585 4096
7 8525 11123 11365 8638 78
3985 6343 6587 4098
3985 6345 6593 4098

3 2 13 1
3985 6339 6353 6597 6611 6867 7117 7125 4110 81
3985 6339 6353 6597 6611 6867 7117 7125 7133 4112 81
3985 6339 6353 6597 6605 6613 6627 6883 4110 81
3985 6339 6353 6603 6853 6867 7117 7125 4110 81
3985 6339 6353 6597 6605 6613 6627 6883 7133 4112 81

3 2 14 2
3985 6339 6347 6355 6363 6371 6379 6387 6395 6403 6411 6419 6427 6435 6443 6451 4128
3985 6339 6347 6355 6363 6371 6379 6387 6395 6403 6411 6419 6427 6435 6443 6451 4128
3985 6339 6347 6355 6363 6371 6379 6387 6395 6403 6411 6419 6427 6435 6443 6451 4128
3985 6339 6347 6355 6363 6371 6379 6387 6395 6403 6411 6419 6427 6435 6443 6451 4128
3985 6339 6347 6355 6363 6371 6379 6387 6395 6403 6411 6419 6427 6435 6443 6451 4128

3 2 15 1
7 6 13321 15931 15945 16189 16197 16205 16213 16221 16229 16237 16245 16253 16261 16269 16277 16285 16293 16301 16309 16317 16325 16333 16341 16349 13354 13355 16118 16115 16123 16129 13476 84 85 86
7 6 13321 15931 15945 16189 16197 16205 16213 16221 16229 16237 16245 16253 16261 16269 16277 16285 16293 16301 16309 16317 16325 16333 16341 16349 13354 13355 16118 16115 16123 16129 13476 84 85 86
7 6 13321 15931 15945 16189 16197 16205 16213 16221 16229 16237 16245 16253 16261 16269 16277 16285 16293 16301 16309 16317 16325 16333 16341 16349 13354 13355 16118 16115 16123 16129 13476 84 85 86
7 6 13321 15931 15945 16189 16197 16205 16213 16221 16229 16237 16245 16253 16261 16269 16277 16285 16293 16301 16309 16317 16325 16333 16341 16349 13354 13355 16118 16115 16123 16129 13476 84 85 86
7 6 13321 15931 15945 16189 16197 16205 16213 16221 16229 16237 16245 16253 16261 16269 16277 16285 16293 16301 16309 16317 16325 16333 16341 16349 13354 13355 16118 16115 16123 16129 13476 84 85 86

3 2 16 1
7 6 13321 15931 15945 16189 16197 16205 16213 16221 16229 16237 16245 16253 16261 16269 16277 16285 16293 16301 16309 16317 16325 16333 16341 16349 13354 13355 16371 16605 16611 16619 16627 16641 16881 16893 13494 87 88 89
7 6 13321 15931 15945 16189 16197 16205 16213 16221 16229 16237 16245 16253 16261 16269 16277 16285 16293 16301 16309 16317 16325 16333 16341 16349 13354 13355 16371 16605 16611 16619 16627 16641 16881 16893 13494 87 88 89
7 6 13321 15931 15945 16189 16197 16205 16213 16221 16229 16237 16245 16253 16261 16269 16277 16285 16293 16301 16309 16317 16325 16333 16341 16349 13354 13355 16371 16605 16611 16619 16627 16641 16881 16893 13494 87 88 89
7 6 13321 15931 15945 16189 16197 16205 16213 16221 16229 16237 16245 16253 16261 16269 16277 16285 16293 16301 16309 16317 16325 16333 16341 16349 13354 13355 16371 16605 16611 16619 16627 16641 16881 16893 13494 87 88 89
7 6 13321 15931 15945 16189 16197 16205 16213 16221 16229 16237 16245 16253 16261 16269 16277 16285 16293 16301 16309 16317 16325 16333 16341 16349 13354 13355 16371 16605 16611 16619 16627 16641 16881 16893 13494 87 88 89

3 2 17 1
7 6 13321 15931 15945 16189 16197 16205 16213 16221 16229 16237 16245 16253 16261 16269 16277 16285 16293 16301 16309 16317 16325 16333 16341 16349 13354 13355 16118 16115 16123 16129 13476 13489 16403 16417 16665 13364 13367 13508 90 91 92
7 6 13321 15931 15945 16189 16197 16205 16213 16221 16229 16237 16245 16253 16261 16269 16277 16285 16293 16301 16309 16317 16325 16333 16341 16349 13354 13355 16118 16115 16123 16129 13476 13489 16403 16417 16665 13364 13367 13508 90 91 92
7 6 13321 15931 15945 16189 16197 16205 16213 16221 16229 16237 16245 16253 16261 16269 16277 16285 16293 16301 16309 16317 16325 16333 16341 16349 13354 13355 16118 16115 16123 16129 13476 13489 16403 16417 16665 13364 13367 13508 90 91 92
7 6 13321 15931 15945 16189 16197 16205 16213 16221 16229 16237 16245 16253 16261 16269 16277 16285 16293 16301 16309 16317 16325 16333 16341 16349 13354 13355 16118 16115 16123 16129 13476 13489 16403 16417 16665 13364 13367 13508 90 91 92
7 6 13321 15931 15945 16189 16197 16205 16213 16221 16229 16237 16245 16253 16261 16269 16277 16285 16293 16301 16309 16317 16325 16333 16341 16349 13354 13355 16118 16115 16123 16129 13476 13489 16403 16417 16665 13364 13367 13508 90 91 92

3 2 18 1
3985 6339 6353 6603 6859 7115 7347 7559 4182 95
3985 6345 6595 6845 6859 7115 7347 7559 4182 95
3985 6345 6589 6603 6859 7115 7347 7559 4182 95
3985 6345 6595 6851 7107 7115 7347 7559 4182 95
3985 6345 6595 6851 7109 7343 7347 7559 4182 95

3 2 19 1
3977 5836 5582 5340 4072 4065 4926 4752 4598 4462 4196 98
3977 5836 5582 5340 4072 4065 4920 4744 4590 4454 4336 4192 98
3977 5836 5582 5340 4072 4065 4926 4746 4590 4454 4336 4192 98
3977 5836 5582 5340 4072 4065 4926 4752 4592 4454 4336 4192 98
3977 5836 5582 5340 4072 4065 4926 4752 4598 4456 4336 4192 98

4 2 8 1
9 8 13335 15514 15506 15498 15234 15220 15212 15204 15196 14944 13410 13399 14694 14686 14472 14276 14264 14100 13946 13932 13384 68 69 70
9 8 13335 15514 15506 15498 15234 15220 15212 15204 15196 14944 13410 13399 14694 14686 14472 14276 14264 14100 13946 13932 13384 68 69 70
9 8 13335 15514 15506 15498 15234 15220 15212 15204 15196 14944 13410 13399 14694 14686 14472 14276 14264 14100 13946 13932 13384 68 69 70
9 8 13335 15514 15506 15498 15234 15220 15212 15204 15196 14944 13410 13399 14694 14686 14472 14276 14264 14100 13946 13932 13384 68 69 70
9 8 13335 15514 15506 15498 15234 15220 15212 15204 15196 14944 13410 13399 14694 14686 14472 14276 14264 14100 13946 13932 13384 68 69 70

4 2 9 2
3999 5922 5914 5906 5907 6156 6148 6140 6132 6124 6116 6108 6100 3980 3981 6318 6314 6058 4058
3999 5922 5914 5906 5907 6156 6148 6140 6132 6124 6116 6108 6100 3980 3981 6318 6314 6058 4058
3999 5922 5914 5906 5907 6156 6148 6140 6132 6124 6116 6108 6100 3980 3981 6318 6314 6058 4058
3999 5922 5914 5906 5907 6156 6148 6140 6132 6124 6116 6108 6100 3980 3981 6318 6314 6058 4058
3999 5922 5914 5906 5907 6156 6148 6140 6132 6124 6116 6108 6100 3980 3981 6318 6314 6058 4058

4 2 10 2
3999 5922 5914 5906 5642 5628 5620 5612 5604 5352 4074
3999 5922 5914 5906 5642 5628 5620 5612 5360 5346 4074
3999 5922 5914 5906 5642 5628 5620 5368 5354 5346 4074
3999 5922 5914 5906 5642 5628 5376 5362 5354 5346 4074
3999 5922 5914 5906 5642 5384 5370 5362 5354 5346 4074

4 2 11 2
3991 5416 5178 5164 4088
3991 5416 5402 5170 4088
3999 5666 5408 5170 4088
3991 5660 5408 5170 4088
3991 5416 5178 4090

4 2 12 2
3999 5922 5914 5906 5907 6156 6157 6388 6389 6623 6854 6846 4100
3999 5922 5914 5906 5907 6156 6157 6388 6389 6614 6606 6607 4100
3999 5922 5914 5906 5907 6156 6148 6149 6389 6623 6854 6846 4100
3999 5922 5914 5906 5907 6156 6157 6397 6622 6623 6854 6846 4100
3999 5922 5914 5906 5907 6156 6148 6149 6389 6614 6606 6607 4100

4 2 13 1
3999 5931 6189 6429 6663 4108 81
4005 6197 6437 6671 6911 4114 81
4005 6197 6437 6671 6902 4108 81
3999 5933 6197 6437 6671 6911 4114 81
4005 6197 6437 6662 6663 4108 81

4 2 14 2
4001 5943 4122
4001 5943 6217 4130
4001 5937 5951 4124
9 8541 10723 8664 83
4001 5943 6211 4124

4 2 15 1
4001 5937 5945 5953 5961 5969 5977 5985 5991 5999 6007 6021 6283 6531 6537 4138 86
4001 5937 5945 5953 5961 5969 5977 5985 5991 5999 6007 6021 6283 6531 6537 4138 86
4001 5937 5945 5953 5961 5969 5977 5985 5991 5999 6007 6021 6283 6531 6537 4138 86
4001 5937 5945 5953 5961 5969 5977 5985 5991 5999 6007 6021 6283 6531 6537 4138 86
4001 5937 5945 5953 5961 5969 5977 5985 5991 5999 6007 6021 6283 6531 6537 4138 86

4 2 16 1
9 8 13337 15535 13460 13469 16073 16317 16325 16333 16341 16349 13354 13355 16371 16605 16611 16619 16627 16641 16881 16893 13494 87 88 89
9 8 13337 15535 13460 13469 16073 16317 16325 16333 16341 16349 13354 13355 16371 16605 16611 16619 16627 16641 16881 16893 13494 87 88 89
9 8 13337 15535 13460 13469 16073 16317 16325 16333 16341 16349 13354 13355 16371 16605 16611 16619 16627 16641 16881 16893 13494 87 88 89
9 8 13337 15535 13460 13469 16073 16317 16325 16333 16341 16349 13354 13355 16371 16605 16611 16619 16627 16641 16881 16893 13494 87 88 89
9 8 13337 15535 13460 13469 16073 16317 16325 16333 16341 16349 13354 13355 16371 16605 16611 16619 16627 16641 16881 16893 13494 87 88 89

4 2 17 1
9 8 13337 15529 15537 15545 15553 15561 15569 15577 15583 15591 15599 15613 15875 16123 16129 13476 13489 16403 16417 16665 13364 13367 13508 90 91 92
9 8 13337 15529 15537 15545 15553 15561 15569 15577 15583 15591 15599 15613 15875 16123 16129 13476 13489 16403 16417 16665 13364 13367 13508 90 91 92
9 8 13337 15529 15537 15545 15553 15561 15569 15577 15583 15591 15599 15613 15875 16123 16129 13476 13489 16403 16417 16665 13364 13367 13508 90 91 92
9 8 13337 15529 15537 15545 15553 15561 15569 15577 15583 15591 15599 15613 15875 16123 16129 13476 13489 16403 16417 16665 13364 13367 13508 90 91 92
9 8 13337 15529 15537 15545 15553 15561 15569 15577 15583 15591 15599 15613 15875 16123 16129 13476 13489 16403 16417 16665 13364 13367 13508 90 91 92

4 2 18 1
4005 6197 6437 6671 6911 7151 4178 95
3999 5931 6189 6429 6663 4108 4117 4178 95
3999 5931 6189 6429 6663 4108 81 1045 1088
4005 6197 6437 6671 6911 4114 4117 4178 95
3999 5933 6197 6437 6671 6911 7151 4178 95

4 2 19 1
3991 5416 5184 4968 4784 4618 4472 4344 4194 98
3991 5416 5178 4966 4784 4618 4472 4344 4194 98
3991 5416 5184 4968 4784 4618 4472 4198 98
3991 5416 5184 4968 4788 4632 4482 4346 4194 98
3991 5416 5178 4966 4784 4624 4474 4344 4194 98

5 1 8 1
12 11 10 13353 16350 16342 16334 16326 16318 16074 13470 13459 15536 13338 13335 15514 15506 15498 15234 15220 15212 15204 15196 14944 13410 13399 14694 14686 14472 14276 14264 14100 13946 13932 13384 68 69 70
12 11 10 13353 16350 16342 16334 16326 16318 16074 13470 13459 15536 13338 13335 15514 15506 15498 15234 15220 15212 15204 15196 14944 13410 13399 14694 14686 14472 14276 14264 14100 13946 13932 13384 68 69 70
12 11 10 13353 16350 16342 16334 16326 16318 16074 13470 13459 15536 13338 13335 15514 15506 15498 15234 15220 15212 15204 15196 14944 13410 13399 14694 14686 14472 14276 14264 14100 13946 13932 13384 68 69 70
12 11 10 13353 16350 16342 16334 16326 16318 16074 13470 13459 15536 13338 13335 15514 15506 15498 15234 15220 15212 15204 15196 14944 13410 13399 14694 14686 14472 14276 14264 14100 13946 13932 13384 68 69 70
12 11 10 13353 16350 16342 16334 16326 16318 16074 13470 13459 15536 13338 13335 15514 15506 15498 15234 15220 15212 15204 15196 14944 13410 13399 14694 14686 14472 14276 14264 14100 13946 13932 13384 68 69 70

5 1 9 2
12 11 10 13353 16350 16342 16334 16326 16318 16310 16302 16294 16286 16278 16270 16262 16254 16246 16238 16230 16222 16214 16206 16198 16190 15946 15932 15924 15916 15910 15906 15650 13394 71 72
12 11 10 13353 16350 16342 16334 16326 16318 16310 16302 16294 16286 16278 16270 16262 16254 16246 16238 16230 16222 16214 16206 16198 16190 15946 15932 15924 15916 15910 15906 15650 13394 71 72
12 11 10 13353 16350 16342 16334 16326 16318 16310 16302 16294 16286 16278 16270 16262 16254 16246 16238 16230 16222 16214 16206 16198 16190 15946 15932 15924 15916 15910 15906 15650 13394 71 72
12 11 10 13353 16350 16342 16334 16326 16318 16310 16302 16294 16286 16278 16270 16262 16254 16246 16238 16230 16222 16214 16206 16198 16190 15946 15932 15924 15916 15910 15906 15650 13394 71 72
12 11 10 13353 16350 16342 16334 16326 16318 16310 16302 16294 16286 16278 16270 16262 16254 16246 16238 16230 16222 16214 16206 16198 16190 15946 15932 15924 15916 15910 15906 15650 13394 71 72

5 1 10 2
12 4017 6758 6750 6742 6734 6726 6482 4132 4121 5944 4002 3999 5922 5914 5906 5642 5628 5620 5612 5604 5352 4074
12 4017 6758 6750 6742 6734 6726 6482 4132 4121 5944 4002 3999 5922 5914 5906 5642 5628 5620 5612 5604 5352 4074
12 4017 6758 6750 6742 6734 6726 6482 4132 4121 5944 4002 3999 5922 5914 5906 5642 5628 5620 5612 5604 5352 4074
12 4017 6758 6750 6742 6734 6726 6482 4132 4121 5944 4002 3999 5922 5914 5906 5642 5628 5620 5612 5604 5352 4074
12 4017 6758 6750 6742 6734 6726 6482 4132 4121 5944 4002 3999 5922 5914 5906 5642 5628 5620 5612 5604 5352 4074

5 1 11 2
12 4017 6758 6750 6742 6734 6726 6482 4132 4121 5944 4002 3991 5416 5402 5170 4088
12 4017 6758 6750 6742 6734 6726 6482 4132 4121 5944 4002 3991 5416 5402 5170 4088
12 4017 6758 6750 6742 6734 6726 6482 4132 4121 5944 4002 3991 5416 5402 5170 4088
12 4017 6758 6750 6742 6734 6726 6482 4132 4121 5944 4002 3991 5416 5402 5170 4088
12 4017 6758 6750 6742 6734 6726 6482 4132 4121 5944 4002 3991 5416 5402 5170 4088

5 1 12 2
12 4017 6758 6750 6742 6734 6726 6718 6710 6702 6694 6686 6678 6670 6662 6654 6646 6638 6630 6622 6623 6854 6846 4100
12 4017 6758 6750 6742 6734 6726 6718 6710 6702 6694 6686 6678 6670 6662 6654 6646 6638 6630 6622 6623 6854 6846 4100
12 4017 6758 6750 6742 6734 6726 6718 6710 6702 6694 6686 6678 6670 6662 6654 6646 6638 6630 6622 6623 6854 6846 4100
12 4017 6758 6750 6742 6734 6726 6718 6710 6702 6694 6686 6678 6670 6662 6654 6646 6638 6630 6622 6623 6854 6846 4100
12 4017 6758 6750 6742 6734 6726 6718 6710 6702 6694 6686 6678 6670 6662 6654 6646 6638 6630 6622 6623 6854 6846 4100

5 1 13 1
1003 2376 2368 2360 2352 2344 2336 2328 2320 2312 2304 2305 2530 2522 2523 1042
1003 2376 2368 2360 2352 2344 2336 2328 2320 2312 2304 2296 2297 2522 2523 1042
1003 2376 2368 2360 2352 2344 2336 2328 2320 2312 2304 2305 2539 2764 1044
1003 2376 2368 2360 2352 2344 2336 2328 2320 2312 2304 2305 2530 2531 1044
1003 2376 2368 2360 2352 2344 2336 2328 2329 2554 2546 2538 2530 2522 2523 1042

5 1 14 2
12 4017 6758 6750 6742 6734 6726 6482 4132
12 4017 6758 6750 6742 6734 6490 6476 4132
12 4017 6758 6750 6742 6734 6726 6482 6468 4130
12 4017 6758 6750 6742 6734 6490 6476 6468 4130
12 4017 6758 6750 6742 6734 6726 6718 6474 4130

5 1 15 1
1005 2176 2173 2181 2187 1052
12 4019 6526 6523 6531 6537 4138 86
1005 2391 2184 2181 2187 1052
999 2165 2173 2181 2187 1052
12 11 8559 11306 11303 11311 11317 8680 85 86

5 1 16 1
12 11 10 13355 16371 16605 16611 16619 16627 16641 16881 16893 13494 87 88 89
12 11 10 13355 16371 16605 16611 16625 16867 16875 16881 16893 13494 87 88 89
12 11 10 13355 16371 16605 16611 16619 16633 16875 16881 16893 13494 87 88 89
12 11 10 13355 16365 16373 16385 16619 16627 16641 16881 16893 13494 87 88 89
12 11 10 13355 16365 16373 16385 16625 16867 16875 16881 16893 13494 87 88 89

5 1 17 1
12 11 10 13355 16118 16115 16123 16129 13476 13489 16403 16417 16665 13364 13367 13508 90 91 92
12 11 10 13355 16118 16115 16123 16129 13476 13489 16403 16417 16665 16673 16681 13508 90 91 92
12 11 10 13355 16118 16115 16123 16129 13476 13489 16403 16417 16665 13364 13367 13508 90 91 92
12 11 10 13355 16118 16115 16123 16129 13476 13489 16403 16417 16665 16673 16681 13508 90 91 92
12 11 10 13355 16118 16115 16123 16129 13476 13489 16403 16417 16665 13364 13367 13508 90 91 92

5 1 18 1
1003 2376 2368 2360 2352 2344 2336 2328 2320 2312 2304 2305 2539 2773 2966 2967 1094
1003 2376 2368 2360 2352 2344 2336 2328 2320 2312 2304 2305 2539 2773 2966 2967 1094
1003 2376 2368 2360 2352 2344 2336 2328 2320 2312 2304 2305 2539 2773 2966 2967 1094
1003 2376 2368 2360 2352 2344 2336 2328 2320 2312 2304 2305 2539 2773 2966 2967 1094
1003 2376 2368 2360 2352 2344 2336 2328 2320 2312 2304 2305 2539 2773 2966 2967 1094

5 1 19 1
997 1986 1840 1828 1820 1812 1708 1570 1556 1436 1354 1298 1246 1184 1130 1102
997 1986 1840 1828 1820 1812 1708 1570 1556 1436 1354 1298 1246 1184 1130 1102
997 1986 1840 1828 1820 1812 1708 1570 1556 1436 1354 1298 1246 1184 1130 1102
997 1986 1840 1828 1820 1812 1708 1570 1556 1436 1354 1298 1246 1184 1130 1102
997 1986 1840 1828 1820 1812 1708 1570 1556 1436 1354 1298 1246 1184 1130 1102

6 1 8 1
15 14 13 13363 16666 16418 16404 13490 13475 16130 16124 15876 15614 15600 15592 15584 15578 15570 15562 15554 15546 15538 15530 13338 13335 15514 15506 15498 15234 15220 15212 15204 15196 14944 13410 13399 14694 14686 14472 14276 14264 14100 13946 13932 13384 68 69 70
15 14 13 13363 16666 16418 16404 13490 13475 16130 16124 15876 15614 15600 15592 15584 15578 15570 15562 15554 15546 15538 15530 13338 13335 15514 15506 15498 15234 15220 15212 15204 15196 14944 13410 13399 14694 14686 14472 14276 14264 14100 13946 13932 13384 68 69 70
15 14 13 13363 16666 16418 16404 13490 13475 16130 16124 15876 15614 15600 15592 15584 15578 15570 15562 15554 15546 15538 15530 13338 13335 15514 15506 15498 15234 15220 15212 15204 15196 14944 13410 13399 14694 14686 14472 14276 14264 14100 13946 13932 13384 68 69 70
15 14 13 13363 16666 16418 16404 13490 13475 16130 16124 15876 15614 15600 15592 15584 15578 15570 15562 15554 15546 15538 15530 13338 13335 15514 15506 15498 15234 15220 15212 15204 15196 14944 13410 13399 14694 14686 14472 14276 14264 14100 13946 13932 13384 68 69 70
15 14 13 13363 16666 16418 16404 13490 13475 16130 16124 15876 15614 15600 15592 15584 15578 15570 15562 15554 15546 15538 15530 13338 13335 15514 15506 15498 15234 15220 15212 15204 15196 14944 13410 13399 14694 14686 14472 14276 14264 14100 13946 13932 13384 68 69 70

6 1 9 2
15 14 13 13363 16666 16418 16404 13490 13475 16130 16124 16116 16117 13356 13353 16350 16342 16334 16326 16318 16310 16302 16294 16286 16278 16270 16262 16254 16246 16238 16230 16222 16214 16206 16198 16190 15946 15932 15924 15916 15910 15906 15650 13394 71 72
15 14 13 13363 16666 16418 16404 13490 13475 16130 16124 16116 16117 13356 13353 16350 16342 16334 16326 16318 16310 16302 16294 16286 16278 16270 16262 16254 16246 16238 16230 16222 16214 16206 16198 16190 15946 15932 15924 15916 15910 15906 15650 13394 71 72
15 14 13 13363 16666 16418 16404 13490 13475 16130 16124 16116 16117 13356 13353 16350 16342 16334 16326 16318 16310 16302 16294 16286 16278 16270 16262 16254 16246 16238 16230 16222 16214 16206 16198 16190 15946 15932 15924 15916 15910 15906 15650 13394 71 72
15 14 13 13363 16666 16418 16404 13490 13475 16130 16124 16116 16117 13356 13353 16350 16342 16334 16326 16318 16310 16302 16294 16286 16278 16270 16262 16254 16246 16238 16230 16222 16214 16206 16198 16190 15946 15932 15924 15916 15910 15906 15650 13394 71 72
15 14 13 13363 16666 16418 16404 13490 13475 16130 16124 16116 16117 13356 13353 16350 16342 16334 16326 16318 16310 16302 16294 16286 16278 16270 16262 16254 16246 16238 16230 16222 16214 16206 16198 16190 15946 15932 15924 15916 15910 15906 15650 13394 71 72

6 1 10 2
15 14 13 13363 16666 16418 16404 13490 13475 16130 16124 15876 15614 15600 15592 15584 15578 15570 15562 15554 15546 15538 15530 13338 13335 15514 15506 15498 15234 15220 15212 15204 15196 14944 13410 73 74
15 14 13 13363 16666 16418 16404 13490 13475 16130 16124 15876 15614 15600 15592 15584 15578 15570 15562 15554 15546 15538 15530 13338 13335 15514 15506 15498 15234 15220 15212 15204 15196 14944 13410 73 74
15 14 13 13363 16666 16418 16404 13490 13475 16130 16124 15876 15614 15600 15592 15584 15578 15570 15562 15554 15546 15538 15530 13338 13335 15514 15506 15498 15234 15220 15212 15204 15196 14944 13410 73 74
15 14 13 13363 16666 16418 16404 13490 13475 16130 16124 15876 15614 15600 15592 15584 15578 15570 15562 15554 15546 15538 15530 13338 13335 15514 15506 15498 15234 15220 15212 15204 15196 14944 13410 73 74
15 14 13 13363 16666 16418 16404 13490 13475 16130 16124 15876 15614 15600 15592 15584 15578 15570 15562 15554 15546 15538 15530 13338 13335 15514 15506 15498 15234 15220 15212 15204 15196 14944 13410 73 74

6 1 11 2
15 14 13 13363 16666 16418 16404 13490 13475 16130 16124 15876 15614 15600 15592 15584 15578 15570 15562 15554 15546 15538 15530 13338 13327 15008 14994 14762 13426 75 76
15 14 13 13363 16666 16418 16404 13490 13475 16130 16124 15876 15614 15600 15592 15584 15578 15570 15562 15554 15546 15538 15530 13338 13327 15008 14994 14762 13426 75 76
15 14 13 13363 16666 16418 16404 13490 13475 16130 16124 15876 15614 15600 15592 15584 15578 15570 15562 15554 15546 15538 15530 13338 13327 15008 14994 14762 13426 75 76
15 14 13 13363 16666 16418 16404 13490 13475 16130 16124 15876 15614 15600 15592 15584 15578 15570 15562 15554 15546 15538 15530 13338 13327 15008 14994 14762 13426 75 76
15 14 13 13363 16666 16418 16404 13490 13475 16130 16124 15876 15614 15600 15592 15584 15578 15570 15562 15554 15546 15538 15530 13338 13327 15008 14994 14762 13426 75 76

6 1 12 2
15 14 13 13363 16666 16418 16404 13490 13475 16130 16124 16116 16117 13356 13353 16350 16342 16334 16326 16318 16310 16302 16294 16286 16278 16270 16262 16254 16246 16238 16230 16222 16214 16215 16446 16438 13438 77 78
15 14 13 13363 16666 16418 16404 13490 13475 16130 16124 16116 16117 13356 13353 16350 16342 16334 16326 16318 16310 16302 16294 16286 16278 16270 16262 16254 16246 16238 16230 16222 16214 16215 16446 16438 13438 77 78
15 14 13 13363 16666 16418 16404 13490 13475 16130 16124 16116 16117 13356 13353 16350 16342 16334 16326 16318 16310 16302 16294 16286 16278 16270 16262 16254 16246 16238 16230 16222 16214 16215 16446 16438 13438 77 78
15 14 13 13363 16666 16418 16404 13490 13475 16130 16124 16116 16117 13356 13353 16350 16342 16334 16326 16318 16310 16302 16294 16286 16278 16270 16262 16254 16246 16238 16230 16222 16214 16215 16446 16438 13438 77 78
15 14 13 13363 16666 16418 16404 13490 13475 16130 16124 16116 16117 13356 13353 16350 16342 16334 16326 16318 16310 16302 16294 16286 16278 16270 16262 16254 16246 16238 16230 16222 16214 16215 16446 16438 13438 77 78

6 1 13 1
15 14 13 13363 16666 16658 16650 16644 16636 16628 16620 16612 16606 16602 16598 16592 16593 16824 16816 16808 16800 16794 16788 16782 16774 16766 16758 16750 16742 13452 79 80 81
15 14 13 13363 16666 16658 16650 16644 16636 16628 16620 16612 16606 16602 16598 16592 16593 16824 16816 16808 16800 16794 16788 16782 16774 16766 16758 16750 16742 13452 79 80 81
15 14 13 13363 16666 16658 16650 16644 16636 16628 16620 16612 16606 16602 16598 16592 16593 16824 16816 16808 16800 16794 16788 16782 16774 16766 16758 16750 16742 13452 79 80 81
15 14 13 13363 16666 16658 16650 16644 16636 16628 16620 16612 16606 16602 16598 16592 16593 16824 16816 16808 16800 16794 16788 16782 16774 16766 16758 16750 16742 13452 79 80 81
15 14 13 13363 16666 16658 16650 16644 16636 16628 16620 16612 16606 16602 16598 16592 16593 16824 16816 16808 16800 16794 16788 16782 16774 16766 16758 16750 16742 13452 79 80 81

6 1 14 2
15 14 13 13363 16666 16418 16404 13490 13475 16130 16124 16116 16117 13356 13353 16350 16342 16334 16326 16318 16074 13470 82 83
15 14 13 13363 16666 16418 16404 13490 13475 16130 16124 16116 16117 13356 13353 16350 16342 16334 16326 16318 16074 13470 82 83
15 14 13 13363 16666 16418 16404 13490 13475 16130 16124 16116 16117 13356 13353 16350 16342 16334 16326 16318 16074 13470 82 83
15 14 13 13363 16666 16418 16404 13490 13475 16130 16124 16116 16117 13356 13353 16350 16342 16334 16326 16318 16074 13470 82 83
15 14 13 13363 16666 16418 16404 13490 13475 16130 16124 16116 16117 13356 13353 16350 16342 16334 16326 16318 16074 13470 82 83

6 1 15 1
1013 2686 2444 2430 1066
15 4027 7074 6826 6812 4152 86
1013 2450 2438 2430 1066
15 14 8567 11854 11606 11592 8694 85 86
15 4027 6832 6820 6812 4152 86

6 1 16 1
1013 2697 1068
1015 2703 1068
15 4027 7085 4154 89
15 4029 7091 4154 89
15 14 8567 11865 8696 88 89

6 1 17 1
1017 1082
15 4031 4170 92
1017 2713 1086
15 14 8571 8712 91 92
1015 2701 1082

6 1 18 1
15 14 13 13363 16666 16658 16650 16644 16636 16628 16620 16612 16606 16602 16598 16592 16593 16824 16816 16808 16800 16794 16788 16782 16774 16766 16758 16759 16962 16963 13522 93 94 95
15 14 13 13363 16666 16658 16650 16644 16636 16628 16620 16612 16606 16602 16598 16592 16593 16824 16816 16808 16800 16794 16788 16782 16774 16766 16758 16759 16962 16963 13522 93 94 95
15 14 13 13363 16666 16658 16650 16644 16636 16628 16620 16612 16606 16602 16598 16592 16593 16824 16816 16808 16800 16794 16788 16782 16774 16766 16758 16759 16962 16963 13522 93 94 95
15 14 13 13363 16666 16658 16650 16644 16636 16628 16620 16612 16606 16602 16598 16592 16593 16824 16816 16808 16800 16794 16788 16782 16774 16766 16758 16759 16962 16963 13522 93 94 95
15 14 13 13363 16666 16658 16650 16644 16636 16628 16620 16612 16606 16602 16598 16592 16593 16824 16816 16808 16800 16794 16788 16782 16774 16766 16758 16759 16962 16963 13522 93 94 95

6 1 19 1
15 14 13 13363 16666 16418 16404 13490 13475 16130 16124 15876 15614 15344 15330 15078 15064 15056 15050 14818 14804 14592 14396 14382 14374 14210 14058 13922 13532 96 97 98
15 14 13 13363 16666 16418 16404 13490 13475 16130 16124 15876 15614 15344 15330 15078 15064 15056 15050 14818 14804 14592 14396 14382 14374 14210 14058 13922 13532 96 97 98
15 14 13 13363 16666 16418 16404 13490 13475 16130 16124 15876 15614 15344 15330 15078 15064 15056 15050 14818 14804 14592 14396 14382 14374 14210 14058 13922 13532 96 97 98
15 14 13 13363 16666 16418 16404 13490 13475 16130 16124 15876 15614 15344 15330 15078 15064 15056 15050 14818 14804 14592 14396 14382 14374 14210 14058 13922 13532 96 97 98
15 14 13 13363 16666 16418 16404 13490 13475 16130 16124 15876 15614 15344 15330 15078 15064 15056 15050 14818 14804 14592 14396 14382 14374 14210 14058 13922 13532 96 97 98

7 1 8 1
18 17 16 13369 17350 17178 16968 13458 13443 16236 15986 15730 15456 15186 14928 14692 14472 14276 14264 14100 13946 13932 13384 68 69 70
18 17 16 13369 17350 17178 16968 13458 13443 16236 15986 15730 15456 15186 14928 14692 14472 14276 14264 14100 13946 13932 13384 68 69 70
18 17 16 13369 17350 17178 16968 13458 13443 16236 15986 15730 15456 15186 14928 14692 14472 14276 14264 14100 13946 13932 13384 68 69 70
18 17 16 13369 17350 17178 16968 13458 13443 16236 15986 15730 15456 15186 14928 14692 14472 14276 14264 14100 13946 13932 13384 68 69 70
18 17 16 13369 17350 17178 16968 13458 13443 16236 15986 15730 15456 15186 14928 14692 14472 14276 14264 14100 13946 13932 13384 68 69 70

7 1 9 2
18 17 16 13369 17474 17472 17336 17162 13522 13519 17152 16940 16708 16700 16698 16696 13440 13431 16168 16164 15908 15650 13394 71 72
18 17 16 13369 17474 17472 17336 17162 13522 13519 17152 16940 16708 16700 16698 16696 13440 13431 16168 16164 15908 15650 13394 71 72
18 17 16 13369 17474 17472 17336 17162 13522 13519 17152 16940 16708 16700 16698 16696 13440 13431 16168 16164 15908 15650 13394 71 72
18 17 16 13369 17474 17472 17336 17162 13522 13519 17152 16940 16708 16700 16698 16696 13440 13431 16168 16164 15908 15650 13394 71 72
18 17 16 13369 17474 17472 17336 17162 13522 13519 17152 16940 16708 16700 16698 16696 13440 13431 16168 16164 15908 15650 13394 71 72

7 1 10 2
18 4033 7752 7586 7376 4120 4105 6644 6400 6146 5878 5610 5352 4074
18 4033 7752 7586 7376 4120 4105 6644 6400 6146 5878 5610 5352 4074
18 4033 7752 7586 7376 4120 4105 6644 6400 6146 5878 5610 5352 4074
18 4033 7752 7586 7376 4120 4105 6644 6400 6146 5878 5610 5352 4074
18 4033 7752 7586 7376 4120 4105 6644 6400 6146 5878 5610 5352 4074

7 1 11 2
18 4033 7758 7600 7398 7178 6930 6682 6440 6192 5926 5664 5408 5170 4088
18 4033 7758 7600 7398 7178 6930 6682 6440 6192 5926 5664 5408 5170 4088
18 4033 7758 7600 7398 7178 6930 6682 6440 6192 5926 5664 5408 5170 4088
18 4033 7758 7600 7398 7178 6930 6682 6440 6192 5926 5664 5408 5170 4088
18 4033 7758 7600 7398 7178 6930 6682 6440 6192 5926 5664 5408 5170 4088

7 1 12 2
18 4033 7868 7866 7738 7570 4184 4181 7560 7348 7344 7110 7106 4104
18 4033 7868 7866 7738 7570 4184 4181 7560 7348 7116 7108 7106 4104
18 4033 7868 7866 7738 7570 4184 4181 7560 7348 7344 7110 7106 7104 4102
18 4033 7868 7866 7738 7570 4184 4181 7560 7348 7116 7108 7106 7104 4102
18 4033 7868 7866 7738 7734 4188 4181 7560 7348 7344 7110 7106 4104

7 1 13 1
18 4033 7752 7586 7376 4120 81
18 4033 7752 7586 7382 7156 4114 81
18 4033 7752 7592 7384 7156 4114 81
18 4033 7758 7594 7384 7156 4114 81
18 4033 7752 7586 7376 7154 4114 81

7 1 14 2
18 4035 7766 7614 7414 7194 6950 6712 6472 4130
18 4035 7766 7614 7414 7194 6950 6706 6470 4130
18 4035 7766 7614 7414 7198 6952 6712 6472 4130
18 4035 7766 7614 7414 7198 6952 6706 6470 4130
18 4035 7770 7616 7414 7194 6950 6712 6472 4130

7 1 15 1
1025 3364 3361 3369 3266 3172 3030 2848 2614 2386 1004 1005 2176 2173 2181 2187 1052
1025 3364 3361 3369 3266 3172 3030 2848 2614 2386 1004 1005 2176 2173 2181 2187 1052
1025 3364 3361 3369 3266 3172 3030 2848 2614 2386 1004 1005 2176 2173 2181 2187 1052
1025 3364 3361 3369 3266 3172 3030 2848 2614 2386 1004 1005 2176 2173 2181 2187 1052
1025 3364 3361 3369 3266 3172 3030 2848 2614 2386 1004 1005 2176 2173 2181 2187 1052

7 1 16 1
18 17 16 13373 17599 17496 17382 17230 17032 16818 16815 16823 16594 16591 16597 16601 16605 16611 16619 16627 16641 16881 16893 13494 87 88 89
18 17 16 13373 17599 17496 17382 17230 17032 16818 16815 16823 16594 16591 16597 16601 16605 16611 16619 16627 16641 16881 16893 13494 87 88 89
18 17 16 13373 17599 17496 17382 17230 17032 16818 16815 16823 16594 16591 16597 16601 16605 16611 16619 16627 16641 16881 16893 13494 87 88 89
18 17 16 13373 17599 17496 17382 17230 17032 16818 16815 16823 16594 16591 16597 16601 16605 16611 16619 16627 16641 16881 16893 13494 87 88 89
18 17 16 13373 17599 17496 17382 17230 17032 16818 16815 16823 16594 16591 16597 16601 16605 16611 16619 16627 16641 16881 16893 13494 87 88 89

7 1 17 1
18 17 16 13373 17599 17496 17382 17230 17032 16818 16815 16823 16594 16591 16597 16601 16605 16611 16619 16627 16635 16643 16649 16657 16665 13364 13367 13508 90 91 92
18 17 16 13373 17599 17496 17382 17230 17032 16818 16815 16823 16594 16591 16597 16601 16605 16611 16619 16627 16635 16643 16649 16657 16665 13364 13367 13508 90 91 92
18 17 16 13373 17599 17496 17382 17230 17032 16818 16815 16823 16594 16591 16597 16601 16605 16611 16619 16627 16635 16643 16649 16657 16665 13364 13367 13508 90 91 92
18 17 16 13373 17599 17496 17382 17230 17032 16818 16815 16823 16594 16591 16597 16601 16605 16611 16619 16627 16635 16643 16649 16657 16665 13364 13367 13508 90 91 92
18 17 16 13373 17599 17496 17382 17230 17032 16818 16815 16823 16594 16591 16597 16601 16605 16611 16619 16627 16635 16643 16649 16657 16665 13364 13367 13508 90 91 92

7 1 18 1
1019 3342 3340 3252 3138 1094
1019 3342 3340 3252 3248 1098
1019 3342 3256 3250 3138 1094
1019 3342 3256 3146 3134 1094
1019 3342 3256 3146 1096

7 1 19 1
18 4033 7758 7600 7398 7178 6930 6682 6440 6192 5926 5664 5408 5170 4088 4079 4778 4616 4472 4344 4194 98
18 4033 7758 7600 7398 7178 6930 6682 6440 6192 5926 5664 5408 5170 4088 4079 4778 4616 4472 4344 4194 98
18 4033 7758 7600 7398 7178 6930 6682 6440 6192 5926 5664 5408 5170 4088 4079 4778 4616 4472 4344 4194 98
18 4033 7758 7600 7398 7178 6930 6682 6440 6192 5926 5664 5408 5170 4088 4079 4778 4616 4472 4344 4194 98
18 4033 7758 7600 7398 7178 6930 6682 6440 6192 5926 5664 5408 5170 4088 4079 4778 4616 4472 4344 4194 98

