0 2 11 2
2 1 6515 7416 6576 6585 7595 7765 6648 81 82
2 1 6515 7565 6582 6585 7595 7765 6648 81 82
2 3889 4790 3950 9 6585 7595 7765 6648 81 82
2 3889 4939 3956 9 6585 7595 7765 6648 81 82
2 1 6515 7571 7735 7743 7751 7765 6648 81 82

0 2 12 2
2 1 6517 7723 7885 8055 6524 6521 6619 6815 8581 6730 6542 6549 6664 83 84
2 1 6517 7725 7893 8063 8233 6804 6815 8581 6730 6542 6549 6664 83 84
2 1 6519 7733 7901 8069 8233 6804 6815 8581 6730 6542 6549 6664 83 84
2 1 6517 7725 7893 8063 8233 6624 6619 6815 8581 6730 6542 6549 6664 83 84
2 1 6517 7725 7891 8055 6524 6521 6619 6815 8581 6730 6542 6549 6664 83 84

0 2 13 1
2 1 6515 7416 6576 6579 6826 6831 7457 7621 7629 7486 7336 7333 7194 7191 6684 85 86 87
2 1 6515 7416 6576 6579 6826 6831 7457 7621 7629 7486 7336 7333 7194 7191 6684 85 86 87
2 1 6515 7416 6576 6579 6826 6831 7457 7621 7629 7486 7336 7333 7194 7191 6684 85 86 87
2 1 6515 7416 6576 6579 6826 6831 7457 7621 7629 7486 7336 7333 7194 7191 6684 85 86 87
2 1 6515 7416 6576 6579 6826 6831 7457 7621 7629 7486 7336 7333 7194 7191 6684 85 86 87

0 2 14 2
2 1 6515 7416 6576 6579 6826 6831 7457 7627 7791 7799 7807 7815 6592 6601 7999 8007 6692 88 89
2 1 6515 7416 6576 6579 6826 6831 7457 7627 7791 7799 7807 7815 6592 6601 7999 8007 6692 88 89
2 1 6515 7416 6576 6579 6826 6831 7457 7627 7791 7799 7807 7815 6592 6601 7999 8007 6692 88 89
2 1 6515 7416 6576 6579 6826 6831 7457 7627 7791 7799 7807 7815 6592 6601 7999 8007 6692 88 89
2 1 6515 7416 6576 6579 6826 6831 7457 7627 7791 7799 7807 7815 6592 6601 7999 8007 6692 88 89

0 2 15 2
2 1 6515 7410 6720 90 91
2 1 6515 7416 6722 90 91
2 3889 4784 4094 91
2 1 6513 7408 6720 90 91
2 3889 4790 4096 91

0 2 16 2
2 1 6517 7723 7885 8055 6524 6521 6619 6815 8581 6730 92 93
2 1 6517 7725 7893 8063 8233 6804 6815 8581 6730 92 93
2 1 6517 7725 7893 8063 6526 6521 6619 6815 8581 6730 92 93
2 1 6519 7733 7901 8069 8233 6804 6815 8581 6730 92 93
2 1 6517 7725 7893 8063 8233 6624 6619 6815 8581 6730 92 93

0 2 17 2
2 1 6515 7416 6576 6579 6826 6831 7457 7627 7791 7799 7807 7815 7829 7997 6742 94 95
2 1 6515 7416 6576 6579 6826 6831 7457 7627 7791 7799 7807 7815 7829 7997 6742 94 95
2 1 6515 7416 6576 6579 6826 6831 7457 7627 7791 7799 7807 7815 7829 7997 6742 94 95
2 1 6515 7416 6576 6579 6826 6831 7457 7627 7791 7799 7807 7815 7829 7997 6742 94 95
2 1 6515 7416 6576 6579 6826 6831 7457 7627 7791 7799 7807 7815 7829 7997 6742 94 95

0 2 18 2
2 1 6515 7416 6576 6579 6826 6831 7457 7627 7791 7799 7807 7815 7823 7831 7839 7845 7853 6766 96 97
2 1 6515 7416 6576 6579 6826 6831 7457 7627 7791 7799 7807 7815 7823 7831 7839 7845 7853 6766 96 97
2 1 6515 7416 6576 6579 6826 6831 7457 7627 7791 7799 7807 7815 7823 7831 7839 7845 7853 6766 96 97
2 1 6515 7416 6576 6579 6826 6831 7457 7627 7791 7799 7807 7815 7823 7831 7839 7845 7853 6766 96 97
2 1 6515 7416 6576 6579 6826 6831 7457 7627 7791 7799 7807 7815 7823 7831 7839 7845 7853 6766 96 97

0 2 19 1
2 1 6515 7416 6576 6579 6826 6831 7457 7627 7791 7799 7807 7815 6592 6601 7999 8007 6692 6707 8361 6774 98 99 100
2 1 6515 7416 6576 6579 6826 6831 7457 7627 7791 7799 7807 7815 6592 6601 7999 8007 6692 6707 8361 6774 98 99 100
2 1 6515 7416 6576 6579 6826 6831 7457 7627 7791 7799 7807 7815 6592 6601 7999 8007 6692 6707 8361 6774 98 99 100
2 1 6515 7416 6576 6579 6826 6831 7457 7627 7791 7799 7807 7815 6592 6601 7999 8007 6692 6707 8361 6774 98 99 100
2 1 6515 7416 6576 6579 6826 6831 7457 7627 7791 7799 7807 7815 6592 6601 7999 8007 6692 6707 8361 6774 98 99 100

0 2 20 1
2 1 6517 7723 7885 8055 6524 6521 6619 6815 8581 6730 6542 6549 6664 6669 8637 8645 8659 8821 8829 6788 101 102 103
2 1 6517 7723 7885 8055 6524 6521 6619 6815 8581 6730 6542 6549 6664 6669 8637 8645 8659 8821 8829 6788 101 102 103
2 1 6517 7723 7885 8055 6524 6521 6619 6815 8581 6730 6542 6549 6664 6669 8637 8645 8659 8821 8829 6788 101 102 103
2 1 6517 7723 7885 8055 6524 6521 6619 6815 8581 6730 6542 6549 6664 6669 8637 8645 8659 8821 8829 6788 101 102 103
2 1 6517 7723 7885 8055 6524 6521 6619 6815 8581 6730 6542 6549 6664 6669 8637 8645 8659 8821 8829 6788 101 102 103

0 2 21 2
2 1 6517 7723 7885 8055 6524 59 60 1343 1423
2 1 6517 7723 7885 8055 6524 59 3895 77 1423
2 1 6517 7723 7885 8055 6524 6521 76 77 1423
2 1 6517 7723 7885 8055 6524 59 3895 3993 105
2 1 6517 7723 7885 8055 6524 6521 76 3993 105

0 2 22 2
2 1 6515 7416 6576 6579 6826 106 107
2 1 6515 7565 6582 6579 6826 106 107
2 1 6515 7416 6576 65 3953 4200 107
2 1 6515 7565 6582 65 3953 4200 107
2 3889 4790 3950 9 6579 6826 106 107

0 2 23 1
2 1 6517 7723 7885 8055 6524 6521 6619 6815 8581 6730 6542 6555 8779 8949 6834 108 109 110
2 1 6517 7723 7885 8055 6524 6521 6619 6815 8581 6730 6542 6555 8779 8949 6834 108 109 110
2 1 6517 7723 7885 8055 6524 6521 6619 6815 8581 6730 6542 6555 8779 8949 6834 108 109 110
2 1 6517 7723 7885 8055 6524 6521 6619 6815 8581 6730 6542 6555 8779 8949 6834 108 109 110
2 1 6517 7723 7885 8055 6524 6521 6619 6815 8581 6730 6542 6555 8779 8949 6834 108 109 110

0 2 24 2
2 1 6517 7723 7885 8055 6524 6521 6619 6813 8577 8741 6840 111 112
2 1 6517 7725 7893 8063 8233 6804 6813 8577 8741 6840 111 112
2 1 6517 7725 7893 8063 6526 6521 6619 6813 8577 8741 6840 111 112
2 1 6519 7733 7901 8069 8233 6804 6813 8577 8741 6840 111 112
2 1 6517 7723 7885 8055 6524 6521 6631 8577 8741 6840 111 112

1 2 11 2
1343 1423 1619 3174 3012 2856 1462
4 3895 3993 4189 5800 5638 5482 4032 82
1343 21 3993 4189 5800 5638 5482 4032 82
1343 1423 49 4189 5800 5638 5482 4032 82
1343 1423 1619 3174 3018 2858 1462

1 2 12 2
1343 1423 1619 3329 1534 1364 1371 1468
1343 21 3993 4189 5955 4104 3916 3923 4038 84
1343 1423 49 4189 5955 4104 3916 3923 4038 84
4 3895 3993 4189 5955 4104 3916 3923 4038 84
4 3 6521 6619 6815 8581 6730 6542 6549 6664 83 84

1 2 13 1
4 3 6521 6619 6815 8581 8434 8278 8124 7970 7818 7664 7510 7360 7210 6686 85 86 87
4 3 6521 6619 6815 8581 8434 8278 8124 7970 7818 7664 7510 7360 7210 6686 85 86 87
4 3 6521 6619 6815 8581 8434 8278 8124 7970 7818 7664 7510 7360 7210 6686 85 86 87
4 3 6521 6619 6815 8581 8434 8278 8124 7970 7818 7664 7510 7360 7210 6686 85 86 87
4 3 6521 6619 6815 8581 8434 8278 8124 7970 7818 7664 7510 7360 7210 6686 85 86 87

1 2 14 2
4 3 6521 6619 6815 8581 8434 8278 6640 6637 8137 8145 8153 8161 8169 6698 88 89
4 3 6521 6619 6815 8581 8434 8278 6640 6637 8137 8145 8153 8161 8169 6698 88 89
4 3 6521 6619 6815 8581 8434 8278 6640 6637 8137 8145 8153 8161 8169 6698 88 89
4 3 6521 6619 6815 8581 8434 8278 6640 6637 8137 8145 8153 8161 8169 6698 88 89
4 3 6521 6619 6815 8581 8434 8278 6640 6637 8137 8145 8153 8161 8169 6698 88 89

1 2 15 2
4 3 6525 8070 7902 7746 6588 6575 6722 90 91
4 3 6525 8070 7908 7748 6588 6575 6722 90 91
4 3 6525 8070 7902 7746 6588 65 3949 4096 91
4 3 6523 8068 7902 7746 6588 6575 6722 90 91
4 3 6525 8070 7908 7748 6588 65 3949 4096 91

1 2 16 2
1343 1423 1619 3329 1534
4 3895 3993 4189 5955 4104 93
1343 21 3993 4189 5955 4104 93
1343 1423 49 4189 5955 4104 93
1343 21 3993 105 1619 3329 1534

1 2 17 2
4 3 6521 6619 6815 8581 8434 8278 6640 6637 8137 8145 8153 6742 94 95
1343 21 20 6619 6815 8581 8434 8278 6640 6637 8137 8145 8153 6742 94 95
1343 1423 49 48 6815 8581 8434 8278 6640 6637 8137 8145 8153 6742 94 95
4 3895 20 6619 6815 8581 8434 8278 6640 6637 8137 8145 8153 6742 94 95
4 3895 20 6619 6815 8426 8423 8278 6640 6637 8137 8145 8153 6742 94 95

1 2 18 2
4 3 6521 6619 6815 8581 8434 8278 6640 6637 7986 6598 6595 7839 7845 7853 6766 96 97
4 3 6521 6619 6815 8581 8434 8278 6640 6637 7986 6598 6595 7839 7845 7853 6766 96 97
4 3 6521 6619 6815 8581 8434 8278 6640 6637 7986 6598 6595 7839 7845 7853 6766 96 97
4 3 6521 6619 6815 8581 8434 8278 6640 6637 7986 6598 6595 7839 7845 7853 6766 96 97
4 3 6521 6619 6815 8581 8434 8278 6640 6637 7986 6598 6595 7839 7845 7853 6766 96 97

1 2 19 1
4 3 6521 6619 6815 8581 8434 8278 6640 6637 8137 8145 8153 6742 6753 8339 8347 8361 6774 98 99 100
4 3 6521 6619 6815 8581 8434 8278 6640 6637 8137 8145 8153 6742 6753 8339 8347 8361 6774 98 99 100
4 3 6521 6619 6815 8581 8434 8278 6640 6637 8137 8145 8153 6742 6753 8339 8347 8361 6774 98 99 100
4 3 6521 6619 6815 8581 8434 8278 6640 6637 8137 8145 8153 6742 6753 8339 8347 8361 6774 98 99 100
4 3 6521 6619 6815 8581 8434 8278 6640 6637 8137 8145 8153 6742 6753 8339 8347 8361 6774 98 99 100

1 2 20 1
4 3 6521 6619 6815 8581 6730 6542 6549 6664 6669 8637 8645 8659 8821 8829 6788 101 102 103
4 3 6521 6619 6815 8581 6730 6542 6549 6664 6669 8637 8645 8659 8821 8829 6788 101 102 103
4 3 6521 6619 6815 8581 6730 6542 6549 6664 6669 8637 8645 8659 8821 8829 6788 101 102 103
4 3 6521 6619 6815 8581 6730 6542 6549 6664 6669 8637 8645 8659 8821 8829 6788 101 102 103
4 3 6521 6619 6815 8581 6730 6542 6549 6664 6669 8637 8645 8659 8821 8829 6788 101 102 103

1 2 21 2
1343 1423
4 3895 77 1423
1343 21 3993 105
4 3895 3993 105
4 3895 20 6619 104 105

1 2 22 2
4 3 6521 6619 6815 8426 8264 8108 7948 7788 7626 7458 6832 106 107
1343 21 20 6619 6815 8426 8264 8108 7948 7788 7626 7458 6832 106 107
1343 1423 49 48 6815 8426 8264 8108 7948 7788 7626 7458 6832 106 107
4 3895 20 6619 6815 8426 8264 8108 7948 7788 7626 7458 6832 106 107
4 3895 3993 48 6815 8426 8264 8108 7948 7788 7626 7458 6832 106 107

1 2 23 1
4 3 6521 6619 6815 8581 6730 6542 6555 8779 8949 6834 108 109 110
1343 21 20 6619 6815 8581 6730 6542 6555 8779 8949 6834 108 109 110
1343 21 3993 48 6815 8581 6730 6542 6555 8779 8949 6834 108 109 110
4 3895 20 6619 6815 8581 6730 6542 6555 8779 8949 6834 108 109 110
4 3895 3993 48 6815 8581 6730 6542 6555 8779 8949 6834 108 109 110

1 2 24 2
1343 1423 1617 3325 3489 1644
4 3895 3993 4187 5951 6115 4214 112
1343 21 3993 4187 5951 6115 4214 112
1343 1423 49 4187 5951 6115 4214 112
4 3895 3993 48 6813 8577 8741 6840 111 112

2 2 11 2
1363 1529 3020 2858 1462
6 3915 4099 5646 5484 4032 82
1363 37 4099 5646 5484 4032 82
6 3915 93 1529 3020 2858 1462
1363 1529 3014 2856 1462

2 2 12 2
1371 1468
6 3923 4038 84
6 5 6549 6664 83 84
1371 3361 1470
6 3923 5987 4040 84

2 2 13 1
6 5 6543 8280 8124 7970 7818 7664 7510 7360 7210 6686 85 86 87
1363 1529 3026 2872 2718 2566 2422 2274 2124 1974 1490 87
6 3917 5654 5498 5344 5192 5038 4884 4734 4584 4060 86 87
1363 37 4099 5652 5498 5344 5192 5038 4884 4734 4584 4060 86 87
6 3915 4099 5652 5498 5344 5192 5038 4884 4734 4584 4060 86 87

2 2 14 2
6 5 6549 6664 6661 8310 8307 6748 6745 6698 88 89
6 5 6549 6664 6661 8310 8156 8153 8161 8169 6698 88 89
6 3923 4038 27 6661 8310 8307 6748 6745 6698 88 89
6 3923 4038 27 6661 8310 8156 8153 8161 8169 6698 88 89
6 5 6549 6664 6661 8310 8307 6748 94 4119 4072 89

2 2 15 2
6 5 6541 6725 8272 8110 6658 6647 7766 7596 6586 6575 6722 90 91
1363 37 36 6725 8272 8110 6658 6647 7766 7596 6586 6575 6722 90 91
6 3915 36 6725 8272 8110 6658 6647 7766 7596 6586 6575 6722 90 91
6 3915 4099 5646 5484 4032 25 6647 7766 7596 6586 6575 6722 90 91
1363 37 4099 5646 5484 4032 25 6647 7766 7596 6586 6575 6722 90 91

2 2 16 2
1363
6 3915 93
6 5 6541 92 93
1367 1536
6 3919 4106 93

2 2 17 2
6 5 6549 6664 6661 8310 8307 6748 94 95
6 3923 4038 4035 5684 5681 4122 95
6 3923 4038 27 6661 8310 8307 6748 94 95
6 5 6549 6664 6669 8482 8326 6750 94 95
1371 1468 1465 3058 3055 1552

2 2 18 2
6 5 6549 6664 6661 8310 8156 8153 8161 8018 7864 6766 96 97
6 3923 4038 27 6661 8310 8156 8153 8161 8018 7864 6766 96 97
6 3923 4038 4035 5684 5530 5527 5535 5392 5238 4140 97
6 5 6549 6664 6661 8310 8156 8153 8010 8007 7864 6766 96 97
6 5 6549 6664 6661 8310 8156 8002 7999 8007 7864 6766 96 97

2 2 19 1
6 5 6549 6664 6661 8310 8307 6748 6753 8339 8347 8361 6774 98 99 100
6 3923 4038 27 6661 8310 8307 6748 6753 8339 8347 8361 6774 98 99 100
6 5 6549 6664 6661 8310 8307 6748 94 4127 5713 5721 5735 4148 99 100
6 5 6549 6664 6669 8482 8326 6750 6753 8339 8347 8361 6774 98 99 100
6 3923 4038 4035 5684 5681 4122 4127 5713 5721 5735 4148 99 100

2 2 20 1
6 5 6549 6664 6669 8637 8645 8659 8821 8829 6788 101 102 103
6 5 6549 6664 6669 8637 8645 8659 8821 8829 8837 6790 101 102 103
6 3923 4038 27 6669 8637 8645 8659 8821 8829 6788 101 102 103
6 3923 4038 27 6669 8637 8645 8659 8821 8829 8837 6790 101 102 103
1371 1468 28 27 6669 8637 8645 8659 8821 8829 6788 101 102 103

2 2 21 2
1363 1533 3330 1620
1363 37 4103 5956 4190 105
1363 37 36 6729 8582 6816 104 105
1363 37 4103 5956 4190 3994 77 1423
1363 1533 3330 3322 1618

2 2 22 2
1363 37 36 6725 8272 8110 7948 7788 7626 7458 6832 106 107
1363 37 4099 5646 5484 5322 5162 5000 4832 4206 107
1363 37 36 6725 8266 8108 7948 7788 7626 7458 6832 106 107
1363 37 36 6725 8278 8118 7956 7790 7626 7458 6832 106 107
1363 37 36 6725 8278 8118 7956 7796 7628 7458 6832 106 107

2 2 23 1
1377 3527 3697 1638 110
1377 3521 3535 3703 1638 110
1377 3521 3535 3705 1640 110
1371 3367 3535 3703 1638 110
1371 3367 3535 3705 1640 110

2 2 24 2
1375 3515 1648
1373 3509 1648
1373 3507 1646
1363 1541 3509 1648
1373 3509 3669 1652

3 3 11 2
3937 5214 3970 3971 5350 5342 5334 5326 5318 4026 82
7 6563 7840 6596 6597 7976 7968 7960 7952 7944 6652 81 82
3937 5214 5206 5198 5190 5182 5174 5166 5167 4026 82
3937 5214 3970 3965 5190 5182 5174 5166 5167 4026 82
7 6563 7840 7832 7824 7816 7808 7800 7792 7793 6652 81 82

3 3 12 2
3937 5221 5375 5529 5683 4036 84
7 6563 7847 8001 8155 8309 6662 83 84
7 6565 7846 7847 8001 8155 8309 6662 83 84
3939 5220 5221 5375 5529 5683 4036 84
7 6565 7855 8000 8001 8155 8309 6662 83 84

3 3 13 1
3933 4910 4752 4588 4060 86 87
3933 4910 4746 4064 86 87
3933 4910 4746 4586 4060 86 87
3933 4904 4744 4064 86 87
7 6559 7536 7378 7214 6686 85 86 87

3 3 14 2
3939 5231 4066 89
3939 5233 4068 89
7 6565 7859 6694 88 89
3941 5239 4068 89
7 6565 7857 6692 88 89

3 3 15 2
7 6557 7678 7670 7662 7654 7646 7638 7630 7622 7458 6832 6825 6580 6575 6722 90 91
7 6557 7678 7670 7662 7654 7646 7638 7630 7622 7458 6832 6825 6580 6575 6722 90 91
7 6557 7678 7670 7662 7654 7646 7638 7630 7622 7458 6832 6825 6580 6575 6722 90 91
7 6557 7678 7670 7662 7654 7646 7638 7630 7622 7458 6832 6825 6580 6575 6722 90 91
7 6557 7678 7670 7662 7654 7646 7638 7630 7622 7458 6832 6825 6580 6575 6722 90 91

3 3 16 2
3937 5214 3970 3971 5359 4012 4013 5651 4100 93
3937 5214 3970 3971 5359 4012 79 1443 3025 1530
7 6563 7840 6596 6597 7985 6638 6639 8277 6726 92 93
7 6563 7840 6596 6597 7985 6638 78 4013 5651 4100 93
3937 5214 3970 69 1401 2733 1442 1443 3025 1530

3 3 17 2
3939 5231 5391 4118 95
3939 5229 5385 4118 95
7 6565 7857 8017 6744 94 95
3937 5223 5385 4118 95
7 6565 7855 8011 6744 94 95

3 3 18 2
3941 4140 97
7 6567 6766 96 97
3935 4134 97
3941 5235 4142 97
3939 5227 4140 97

3 3 19 1
3939 5231 4066 4081 5735 4148 99 100
3939 5233 4068 4081 5735 4148 99 100
3939 5231 4066 89 1511 3109 1578 100
3939 5233 4068 89 1511 3109 1578 100
7 6565 7859 6694 6707 8361 6774 98 99 100

3 3 20 1
3939 5231 4066 4081 5733 5897 4158 102 103
3939 5233 4068 4081 5733 5897 4158 102 103
3939 5231 4066 4081 5735 5905 4160 102 103
7 6565 7859 6694 6707 8359 8523 6784 101 102 103
3939 5233 4068 4081 5735 5905 4160 102 103

3 3 21 2
7 6563 7840 6596 6597 7985 6638 6639 8277 8433 8582 6816 104 105
7 6563 7840 6596 6597 7985 6638 6639 8277 8424 8425 6816 104 105
3937 5214 3970 3971 5359 4012 4013 5651 5798 5799 4190 105
3937 5214 3970 3971 5359 4012 4013 5651 5807 5956 4190 105
3937 5214 3970 12 6597 7985 6638 6639 8277 8424 8425 6816 104 105

3 3 22 2
7 6557 7678 7670 7662 7654 7646 7638 7630 7622 7458 6832 106 107
7 6563 7840 7832 7824 7816 7808 7800 7792 7628 7458 6832 106 107
7 6563 7840 6596 6591 7816 7808 7800 7792 7628 7458 6832 106 107
3937 5214 3970 12 6591 7816 7808 7800 7792 7628 7458 6832 106 107
7 6563 7840 7832 7824 7816 7808 7644 7630 7622 7458 6832 106 107

3 3 23 1
7 6565 7857 8017 6744 6755 8491 8655 8809 8971 6838 108 109 110
7 6565 7857 8017 6744 6755 8491 8657 8817 8977 6838 108 109 110
7 6565 7857 8017 6744 6755 8491 8657 8815 8971 6838 108 109 110
3939 5231 5391 4118 38 6755 8491 8655 8809 8971 6838 108 109 110
3939 5231 5391 4118 38 6755 8491 8657 8817 8977 6838 108 109 110

3 3 24 2
7 6563 7840 6596 6597 7985 6638 6639 8277 6726 6737 8761 6844 111 112
7 6563 7847 8001 8155 8309 6662 6671 8775 8920 6844 111 112
7 6563 7847 8001 8155 8309 6662 6671 8775 8929 6850 111 112
7 6563 7847 8001 8155 8309 6662 6663 8615 8767 6844 111 112
7 6563 7847 8001 8155 8309 6662 6671 8766 8767 6844 111 112

4 3 11 2
3947 4383 4545 4703 4859 5013 5167 4026 82
3945 4375 4537 4695 4853 5013 5167 4026 82
3945 4375 4537 4693 4843 4999 5161 4026 82
3945 4373 4529 4687 4843 4999 5161 4026 82
3945 4375 4535 4687 4843 4999 5161 4026 82

4 3 12 2
8 6573 7009 7171 7329 7487 7649 7811 7969 6636 6643 8295 6660 83 84
8 6573 7009 7171 7329 7487 7649 7811 7969 8127 8295 6660 83 84
3947 4383 4545 4703 4861 5023 5185 5343 4010 4017 5669 4034 84
8 6573 7009 7171 7329 7487 7649 7809 7963 6636 6643 8295 6660 83 84
8 6573 7009 7171 7329 7487 7649 7811 7969 8125 8289 6660 83 84

4 3 13 1
3943 4231 4395 4403 4052 86 87
3943 4227 4239 4403 4052 86 87
3943 4227 4233 4247 4052 86 87
8 6569 6857 7021 7029 6678 85 86 87
3943 4231 4401 4565 4058 86 87

4 3 14 2
3947 4385 4555 4721 4887 5057 5225 4066 89
8 6573 7011 7181 7347 7513 7683 7851 6692 88 89
3947 4383 4547 4707 4721 4887 5057 5225 4066 89
3947 4383 4541 4555 4721 4887 5057 5225 4066 89
3947 4383 4547 4713 4879 5043 5057 5225 4066 89

4 3 15 2
8 6571 6999 7144 7145 6824 6825 6580 6575 6722 90 91
8 6571 6990 6991 7145 6824 6825 6580 6575 6722 90 91
8 6571 6999 7144 7145 6824 6825 6580 65 3949 4096 91
8 6571 6990 6991 7145 6824 6825 6580 65 3949 4096 91
8 6571 7001 7161 7311 7452 6832 6825 6580 6575 6722 90 91

4 3 16 2
3947 4383 4545 4703 4861 5023 5185 5343 5497 5651 4100 93
8 6573 7009 7171 7329 7487 7649 7811 7969 8123 8277 6726 92 93
3947 4383 4545 4703 4859 5013 5169 5329 5491 5651 4100 93
3947 4383 4545 4703 4861 5023 5183 5337 5497 5651 4100 93
8 6573 7009 7171 7329 7485 7639 7795 7955 8117 8277 6726 92 93

4 3 17 2
3947 4383 4547 4713 4879 3964 3973 5371 4116 95
3947 4383 4547 4713 4879 3964 69 1403 2745 1546
3947 4385 4555 4719 4879 3964 3973 5371 4116 95
3947 4385 4555 4721 4885 3964 3973 5371 4116 95
3947 4385 4553 4713 4879 3964 3973 5371 4116 95

4 3 18 2
3943 4231 4401 4571 4737 4897 4911 4134 97
3943 4231 4401 4571 4731 4745 4911 4134 97
3943 4231 4401 4571 4737 4903 5067 4134 97
8 6569 6857 7027 7197 7363 7523 7537 6760 96 97
8 6569 6857 7027 7197 7363 7529 7693 6760 96 97

4 3 19 1
3947 4385 4555 4721 4887 5057 5225 4066 4081 5735 4148 99 100
3947 4385 4555 4721 4887 5057 5225 4066 4081 5735 4148 99 100
3947 4385 4555 4721 4887 5057 5225 4066 4081 5735 4148 99 100
3947 4385 4555 4721 4887 5057 5225 4066 4081 5735 4148 99 100
3947 4385 4555 4721 4887 5057 5225 4066 4081 5735 4148 99 100

4 3 20 1
8 6573 7011 7181 7347 7513 7683 7851 6692 6707 8359 8523 6784 101 102 103
8 6573 7011 7181 7347 7513 7683 7851 6692 6707 8359 8523 6784 101 102 103
8 6573 7011 7181 7347 7513 7683 7851 6692 6707 8359 8523 6784 101 102 103
8 6573 7011 7181 7347 7513 7683 7851 6692 6707 8359 8523 6784 101 102 103
8 6573 7011 7181 7347 7513 7683 7851 6692 6707 8359 8523 6784 101 102 103

4 3 21 2
8 6573 7009 7171 7329 7485 7639 7795 7953 8107 8263 8425 6816 104 105
8 6573 7009 7171 7329 7485 7639 7795 7953 8107 8263 8425 6816 104 105
8 6573 7009 7171 7329 7485 7639 7795 7953 8107 8263 8425 6816 104 105
8 6573 7009 7171 7329 7485 7639 7795 7953 8107 8263 8425 6816 104 105
8 6573 7009 7171 7329 7485 7639 7795 7953 8107 8263 8425 6816 104 105

4 3 22 2
8 6571 6999 7144 7145 6824 106 107
8 6571 6990 6991 7145 6824 106 107
3945 4373 4518 4519 4198 107
8 6571 7001 7161 7311 7452 6832 106 107
3945 4364 4365 4519 4198 107

4 3 23 1
8 6573 7009 7171 7329 7487 7649 7811 7969 6636 6643 8295 6660 6675 8793 8955 6834 108 109 110
8 6573 7009 7171 7329 7487 7649 7811 7969 6636 6643 8295 6660 6675 8793 8955 6834 108 109 110
8 6573 7009 7171 7329 7487 7649 7811 7969 6636 6643 8295 6660 6675 8793 8955 6834 108 109 110
8 6573 7009 7171 7329 7487 7649 7811 7969 6636 6643 8295 6660 6675 8793 8955 6834 108 109 110
8 6573 7009 7171 7329 7487 7649 7811 7969 6636 6643 8295 6660 6675 8793 8955 6834 108 109 110

4 3 24 2
8 6573 7009 7171 7329 7487 7649 7811 7969 8123 8277 6726 6737 8761 6844 111 112
8 6573 7009 7171 7329 7487 7649 7811 7969 8123 8277 6726 6737 8761 6844 111 112
8 6573 7009 7171 7329 7487 7649 7811 7969 8123 8277 6726 6737 8761 6844 111 112
8 6573 7009 7171 7329 7487 7649 7811 7969 8123 8277 6726 6737 8761 6844 111 112
8 6573 7009 7171 7329 7487 7649 7811 7969 8123 8277 6726 6737 8761 6844 111 112

5 1 11 2
11 10 9 6585 7595 7765 6648 81 82
11 10 3959 4969 5139 4022 82
11 10 9 6583 7587 7751 7765 6648 81 82
11 10 9 6579 6826 6831 7457 7625 7787 6652 81 82
11 1389 2353 2513 1452

5 1 12 2
11 10 9 6585 7595 7765 6648 6657 8111 8281 8453 6666 83 84
11 10 9 6579 6826 6831 7457 7625 7789 7957 6636 6643 8295 6660 83 84
11 10 9 6579 6826 6831 7457 7627 7795 7957 6636 6643 8295 6660 83 84
11 10 9 6579 6826 6831 7457 7627 7797 7963 6636 6643 8295 6660 83 84
11 10 9 6579 6826 6831 7457 7625 7789 7957 8127 8295 6660 83 84

5 1 13 1
11 10 9 6579 6826 6831 7457 7621 7629 7486 7336 7333 7194 7191 6684 85 86 87
11 10 9 6579 6826 6831 7451 7312 7309 7317 7325 7333 7194 7191 6684 85 86 87
11 10 9 6579 6826 6831 7451 7312 7309 7170 7167 7175 7183 7191 6684 85 86 87
11 10 9 6579 6826 6831 7451 7312 7162 7159 7167 7175 7183 7191 6684 85 86 87
11 10 9 6579 6826 6831 7451 7312 7309 7317 7178 7175 7183 7191 6684 85 86 87

5 1 14 2
11 10 9 6579 6826 6831 7457 7627 7791 7799 7807 7815 6592 6601 7999 8007 6692 88 89
11 10 9 6579 6826 6831 7457 7627 7791 7799 7807 7815 6592 6601 7999 8007 6692 88 89
11 10 9 6579 6826 6831 7457 7627 7791 7799 7807 7815 6592 6601 7999 8007 6692 88 89
11 10 9 6579 6826 6831 7457 7627 7791 7799 7807 7815 6592 6601 7999 8007 6692 88 89
11 10 9 6579 6826 6831 7457 7627 7791 7799 7807 7815 6592 6601 7999 8007 6692 88 89

5 1 15 2
11 1379 1526
11 10 3949 4096 91
11 10 9 6575 6722 90 91
11 10 9 6575 7406 6720 90 91
11 10 9 6583 7420 6722 90 91

5 1 16 2
11 10 9 6585 7595 7765 6648 6657 8109 8271 6726 92 93
11 10 9 6585 7595 7765 6648 81 4031 5483 5645 4100 93
11 10 9 6585 7595 7765 6648 81 82 1461 2857 3019 1530
11 10 9 6585 7595 7765 6648 6657 8107 8265 6726 92 93
11 10 9 6585 7595 7765 6648 6657 8111 8277 6726 92 93

5 1 17 2
11 10 9 6579 6826 6831 7457 7627 7791 7799 7807 7815 7829 7997 6742 94 95
11 10 9 6585 7595 7765 6648 6657 8105 6634 6637 8137 8145 8153 6742 94 95
11 10 9 6585 7595 7765 6648 6657 8105 6634 78 4011 5511 5519 5527 4116 95
11 10 9 6585 7595 7765 6648 81 4031 5479 4008 4011 5511 5519 5527 4116 95
11 10 9 6585 7595 7765 6648 6657 8105 8113 6636 6637 8137 8145 8153 6742 94 95

5 1 18 2
11 10 9 6579 6826 6831 7457 7627 7791 7799 7807 7815 7823 7831 7839 7845 7853 6766 96 97
11 10 9 6579 6826 6831 7457 7627 7791 7799 7807 7815 7823 7831 7839 7845 7853 6766 96 97
11 10 9 6579 6826 6831 7457 7627 7791 7799 7807 7815 7823 7831 7839 7845 7853 6766 96 97
11 10 9 6579 6826 6831 7457 7627 7791 7799 7807 7815 7823 7831 7839 7845 7853 6766 96 97
11 10 9 6579 6826 6831 7457 7627 7791 7799 7807 7815 7823 7831 7839 7845 7853 6766 96 97

5 1 19 1
11 10 9 6579 6826 6831 7457 7627 7791 7799 7807 7815 6592 6601 7999 8007 6692 6707 8361 6774 98 99 100
11 10 9 6579 6826 6831 7457 7627 7791 7799 7807 7815 6592 6601 7999 8007 6692 6707 8361 6774 98 99 100
11 10 9 6579 6826 6831 7457 7627 7791 7799 7807 7815 6592 6601 7999 8007 6692 6707 8361 6774 98 99 100
11 10 9 6579 6826 6831 7457 7627 7791 7799 7807 7815 6592 6601 7999 8007 6692 6707 8361 6774 98 99 100
11 10 9 6579 6826 6831 7457 7627 7791 7799 7807 7815 6592 6601 7999 8007 6692 6707 8361 6774 98 99 100

5 1 20 1
11 10 9 6579 6826 6831 7457 7627 7791 7799 7807 7815 6592 6601 8005 8175 8345 8517 6784 101 102 103
11 10 9 6579 6826 6831 7457 7627 7791 7799 7807 7815 6592 6601 8005 8175 8345 8517 6784 101 102 103
11 10 9 6579 6826 6831 7457 7627 7791 7799 7807 7815 6592 6601 8005 8175 8345 8517 6784 101 102 103
11 10 9 6579 6826 6831 7457 7627 7791 7799 7807 7815 6592 6601 8005 8175 8345 8517 6784 101 102 103
11 10 9 6579 6826 6831 7457 7627 7791 7799 7807 7815 6592 6601 8005 8175 8345 8517 6784 101 102 103

5 1 21 2
11 10 9 6587 7745 7901 8069 8233 6804 104 105
11 10 9 6587 7745 7901 8069 6526 59 60 1343 1423
11 10 9 6587 7745 7901 8069 6526 6521 76 77 1423
11 10 9 6587 7745 7901 8069 6526 6521 6619 104 105
11 10 9 6587 7745 7901 8069 6526 59 3895 77 1423

5 1 22 2
273 665 703 745 789 815 885 985 993 1007 1135 1275 1280 1146 1026 1023 1031 918 820 802 294 24 23 22 6635 7958 7796 7628 7458 6832 106 107
273 665 703 745 789 815 885 985 993 1007 1135 1275 1280 1146 1026 1023 1031 918 820 802 294 24 23 22 6635 7958 7796 7628 7458 6832 106 107
273 665 703 745 789 815 885 985 993 1007 1135 1275 1280 1146 1026 1023 1031 918 820 802 294 24 23 22 6635 7958 7796 7628 7458 6832 106 107
273 665 703 745 789 815 885 985 993 1007 1135 1275 1280 1146 1026 1023 1031 918 820 802 294 24 23 22 6635 7958 7796 7628 7458 6832 106 107
273 665 703 745 789 815 885 985 993 1007 1135 1275 1280 1146 1026 1023 1031 918 820 802 294 24 23 22 6635 7958 7796 7628 7458 6832 106 107

5 1 23 1
273 665 703 745 789 815 885 985 993 1007 1135 1275 1329 1331 1294 1291 1297 336
273 665 703 745 789 815 885 985 993 1007 1135 1275 1329 1331 1294 1291 1297 336
273 665 703 745 789 815 885 985 993 1007 1135 1275 1329 1331 1294 1291 1297 336
273 665 703 745 789 815 885 985 993 1007 1135 1275 1329 1331 1294 1291 1297 336
273 665 703 745 789 815 885 985 993 1007 1135 1275 1329 1331 1294 1291 1297 336

5 1 24 2
273 665 703 745 789 815 885 985 993 1007 1135 1275 1329 1331 1294 1291 1297 336 54 53 52 6833 9102 9096 9088 9082 6850 111 112
273 665 703 745 789 815 885 985 993 1007 1135 1275 1329 1331 1294 1291 1297 336 54 53 52 6833 9102 9096 9088 9082 6850 111 112
273 665 703 745 789 815 885 985 993 1007 1135 1275 1329 1331 1294 1291 1297 336 54 53 52 6833 9102 9096 9088 9082 6850 111 112
273 665 703 745 789 815 885 985 993 1007 1135 1275 1329 1331 1294 1291 1297 336 54 53 52 6833 9102 9096 9088 9082 6850 111 112
273 665 703 745 789 815 885 985 993 1007 1135 1275 1329 1331 1294 1291 1297 336 54 53 52 6833 9102 9096 9088 9082 6850 111 112

6 2 11 2
1395 2564 2556 2548 2540 2541 1456
1401 2724 2716 2708 2700 2692 1456
13 3971 5350 5342 5334 5326 5318 4026 82
1395 2564 2556 2548 2549 2692 1456
13 3965 5190 5182 5174 5166 5167 4026 82

6 2 12 2
1403 2743 2903 3057 1466
1403 2741 2897 3057 1466
13 3973 5367 5523 5683 4036 84
13 3973 5369 5529 5683 4036 84
13 12 6599 7993 8149 8309 6662 83 84

6 2 13 1
1393 2276 2124 1974 1490 87
1393 2282 2132 1494 87
1393 2282 2126 1974 1490 87
1397 2438 2290 2134 1494 87
1397 2432 2276 2124 1974 1490 87

6 2 14 2
1405 2747 2755 1496
13 3975 5373 5381 4066 89
1399 2587 2599 1496
13 12 6601 7999 8007 6692 88 89
13 3969 5213 5225 4066 89

6 2 15 2
13 12 6591 7816 7808 7800 7792 7628 7458 6832 6825 6580 6575 6722 90 91
13 12 6591 7816 7808 7800 7636 7622 7458 6832 6825 6580 6575 6722 90 91
13 12 6591 7816 7808 7644 7630 7622 7458 6832 6825 6580 6575 6722 90 91
13 12 6591 7816 7652 7638 7630 7622 7458 6832 6825 6580 6575 6722 90 91
13 12 6591 7660 7646 7638 7630 7622 7458 6832 6825 6580 6575 6722 90 91

6 2 16 2
1401 2733 1442 1443 3025 1530
13 3971 5359 4012 4013 5651 4100 93
13 3971 5359 4012 79 1443 3025 1530
1401 2733 1442 23 4013 5651 4100 93
13 12 6597 7985 6638 6639 8277 6726 92 93

6 2 17 2
1403 2745 1546
1405 2753 1548
1405 2751 1546
13 3973 5371 4116 95
13 3975 5377 4116 95

6 2 18 2
1399 2587 2593 2601 1570
13 3969 5213 5219 5227 4140 97
13 3969 5213 3938 3941 4140 97
1397 2579 2587 2593 2601 1570
13 12 6595 7839 7845 7853 6766 96 97

6 2 19 1
1405 2747 2755 1496 1511 3109 1578 100
1405 2753 2923 3087 3095 3109 1578 100
13 3975 5373 5381 4066 4081 5735 4148 99 100
13 3975 5379 5549 5713 5721 5735 4148 99 100
13 3975 5373 5381 4066 89 1511 3109 1578 100

6 2 20 1
1405 2753 2923 3093 3265 1588 103
13 3975 5379 5549 5719 5891 4158 102 103
13 12 6601 8005 8175 8345 8517 6784 101 102 103
1405 2753 2923 3091 3257 1586 103
13 3975 5379 5549 5717 5883 4156 102 103

6 2 21 2
1401 2733 1442 1443 3025 3172 3173 1620
1401 2733 1442 1443 3025 3181 3330 1620
13 3971 5359 4012 4013 5651 5798 5799 4190 105
13 3971 5359 4012 4013 5651 5807 5956 4190 105
13 12 6597 7985 6638 6639 8277 8424 8425 6816 104 105

6 2 22 2
13 12 6591 7816 7808 7800 7792 7628 7458 6832 106 107
13 12 6591 7816 7808 7800 7636 7622 7458 6832 106 107
13 12 6591 7816 7808 7644 7630 7622 7458 6832 106 107
13 12 6591 7816 7652 7638 7630 7622 7458 6832 106 107
13 3965 5190 5182 5174 5166 5002 4832 4206 107

6 2 23 1
1403 2745 1546 39 38 6755 8491 8655 8809 8971 6838 108 109 110
1403 2745 1546 39 38 6755 8491 8657 8817 8977 6838 108 109 110
1403 2745 1546 39 38 6755 8491 8657 8815 8971 6838 108 109 110
1403 2745 1546 39 38 6755 8489 8649 8809 8971 6838 108 109 110
1405 2753 1548 39 38 6755 8491 8655 8809 8971 6838 108 109 110

6 2 24 2
1401 2733 1442 1443 3025 1530 1541 3509 1648
1401 2733 1442 23 4013 5651 4100 4111 6135 4218 112
1401 2733 1442 23 22 6639 8277 6726 6737 8761 6844 111 112
1401 2733 1442 1443 3025 1530 37 4111 6135 4218 112
1401 2733 1442 23 4013 5651 4100 36 6737 8761 6844 111 112

7 0 11 2
17 16 15 14 6605 8860 8692 8518 8346 6754 6741 8154 8146 8138 6638 6633 8106 6658 81 82
17 16 15 14 6605 8860 8692 8518 8346 6754 6741 8154 8146 8138 6638 6633 8106 6658 81 82
17 16 15 14 6605 8860 8692 8518 8346 6754 6741 8154 8146 8138 6638 6633 8106 6658 81 82
17 16 15 14 6605 8860 8692 8518 8346 6754 6741 8154 8146 8138 6638 6633 8106 6658 81 82
17 16 15 14 6605 8860 8692 8518 8346 6754 6741 8154 8146 8138 6638 6633 8106 6658 81 82

7 0 12 2
17 16 15 14 6603 8852 8838 8830 8822 8660 8646 8638 6670 83 84
17 16 15 14 6603 6800 6787 8830 8822 8660 8646 8638 6670 83 84
17 16 15 14 6605 8860 6792 6787 8830 8822 8660 8646 8638 6670 83 84
17 16 15 14 6603 9008 8844 8830 8822 8660 8646 8638 6670 83 84
17 16 15 14 6603 6800 6789 8838 8830 8822 8660 8646 8638 6670 83 84

7 0 13 1
17 16 15 14 6605 8860 8698 8532 8362 6708 6693 7860 6566 6559 7536 7378 7214 6686 85 86 87
17 16 15 14 6605 8860 8698 8532 8362 6708 6693 7860 6566 6559 7536 7378 7214 6686 85 86 87
17 16 15 14 6605 8860 8698 8532 8362 6708 6693 7860 6566 6559 7536 7378 7214 6686 85 86 87
17 16 15 14 6605 8860 8698 8532 8362 6708 6693 7860 6566 6559 7536 7378 7214 6686 85 86 87
17 16 15 14 6605 8860 8698 8532 8362 6708 6693 7860 6566 6559 7536 7378 7214 6686 85 86 87

7 0 14 2
17 16 1409 3612 3452 3282 3110 1512
17 16 1409 3608 3446 3280 3110 1512
17 16 1409 3612 3448 3280 3110 1512
17 16 15 3979 6238 6078 5908 5736 4082 89
17 16 15 3979 6234 6072 5906 5736 4082 89

7 0 15 2
17 16 15 14 6605 8860 8692 8518 8346 8176 8006 6602 6591 7816 7808 7800 7792 7628 7458 6832 6825 6580 6575 6722 90 91
17 16 15 14 6605 8860 8692 8518 8346 8176 8006 6602 6591 7816 7808 7800 7792 7628 7458 6832 6825 6580 6575 6722 90 91
17 16 15 14 6605 8860 8692 8518 8346 8176 8006 6602 6591 7816 7808 7800 7792 7628 7458 6832 6825 6580 6575 6722 90 91
17 16 15 14 6605 8860 8692 8518 8346 8176 8006 6602 6591 7816 7808 7800 7792 7628 7458 6832 6825 6580 6575 6722 90 91
17 16 15 14 6605 8860 8692 8518 8346 8176 8006 6602 6591 7816 7808 7800 7792 7628 7458 6832 6825 6580 6575 6722 90 91

7 0 16 2
17 16 15 14 6603 8852 8838 8830 8822 8660 8646 8638 6670 6663 6550 61 3915 93
17 16 15 14 6603 8852 8838 8830 8822 8660 8646 8638 6670 6663 6550 6541 92 93
17 16 15 14 6603 6800 6787 8830 8822 8660 8646 8638 6670 6663 6550 61 3915 93
17 16 15 14 6603 6800 6787 8830 8822 8660 8646 8638 6670 6663 6550 6541 92 93
17 16 15 14 6605 8860 6792 6787 8830 8822 8660 8646 8638 6670 6663 6550 61 3915 93

7 0 17 2
17 16 1409 3608 3440 3266 3094 1558
17 16 15 3979 6234 6066 5892 5720 4128 95
17 16 15 14 6605 8860 8692 8518 8346 6754 94 95
17 16 1409 3608 1596 1587 3266 3094 1558
17 16 15 3979 6234 4166 4157 5892 5720 4128 95

7 0 18 2
17 16 1409 3612 3452 3282 3110 2946 2784 1576
17 16 1409 3608 3446 3280 3110 2946 2784 1576
17 16 15 3979 6238 6078 5908 5736 5572 5410 4146 97
17 16 15 3979 6234 6072 5906 5736 5572 5410 4146 97
17 16 1409 3612 3448 3280 3110 2946 2784 1576

7 0 19 1
17 277 1104 978 314
17 16 1409 3612 3452 1584 100
17 16 15 3979 6238 6078 4154 99 100
17 277 1100 976 314
17 16 15 14 6605 8864 8704 6780 98 99 100

7 0 20 1
17 277 1100 326
17 275 334
17 16 1409 3608 1596 103
17 16 1407 1604 103
17 275 1092 324

8 2 11 2
19 18 6617 7117 6820 6831 7457 7625 7787 6652 81 82
19 18 6617 7117 6820 106 4205 4831 4999 5161 4026 82
19 18 6617 7117 6820 6829 7449 7619 7787 6652 81 82
19 18 6617 7117 6820 6831 7457 7627 7793 6652 81 82
19 18 6617 7117 7283 7449 7619 7787 6652 81 82

8 2 12 2
19 18 6617 7117 6820 6831 7457 7625 7789 7957 6636 78 79 1447 3043 1464
19 18 6617 7117 7283 7449 7619 7789 7957 6636 78 79 1447 3043 1464
19 18 6617 7117 6820 6831 7457 7625 7789 7957 6636 78 79 1447 3043 1464
19 18 6617 7117 7283 7449 7619 7789 7957 6636 78 79 1447 3043 1464
19 18 6617 7117 6820 6831 7457 7625 7789 7957 6636 78 79 1447 3043 1464

8 2 13 1
19 18 6615 6957 6971 7135 7143 7151 7159 7167 7175 7183 7191 6684 85 86 87
19 18 6615 6957 6971 7135 7143 7151 7159 7167 7175 7183 7191 7199 6686 85 86 87
19 18 6615 6963 7127 7135 7143 7151 7159 7167 7175 7183 7191 6684 85 86 87
19 18 6615 6957 6965 6979 7143 7151 7159 7167 7175 7183 7191 6684 85 86 87
19 18 6615 6963 7127 7135 7143 7151 7159 7167 7175 7183 7191 7199 6686 85 86 87

8 2 14 2
19 18 6617 7117 6820 6831 7457 7627 7791 7799 7807 7815 6592 6601 7999 8007 6692 88 89
19 18 6617 7117 6820 6831 7457 7627 7791 7799 7807 7815 6592 6601 7999 8007 6692 88 89
19 18 6617 7117 6820 6831 7457 7627 7791 7799 7807 7815 6592 6601 7999 8007 6692 88 89
19 18 6617 7117 6820 6831 7457 7627 7791 7799 7807 7815 6592 6601 7999 8007 6692 88 89
19 18 6617 7117 6820 6831 7457 7627 7791 7799 7807 7815 6592 6601 7999 8007 6692 88 89

8 2 15 2
19 18 6611 6943 7088 6710 90 91
19 18 6613 6951 7105 6716 90 91
19 18 6611 6943 7097 6714 90 91
19 18 6611 6943 7099 6716 90 91
19 18 6611 6934 6935 6710 90 91

8 2 16 2
19 18 6617 7117 6820 6831 7457 7625 7787 7947 8109 8271 6726 92 93
19 18 6617 7117 6820 6831 7457 7625 7787 7947 8107 8265 6726 92 93
19 18 6617 7117 6820 106 107 1635 2221 2383 2535 2695 2857 3019 1530
19 18 6617 7117 6820 106 107 1635 2221 2385 2543 2703 2865 3025 1530
19 18 6617 7117 6820 106 107 1635 2221 2383 2537 2703 2865 3025 1530

8 2 17 2
19 18 6617 7117 6820 6831 7457 7627 7791 7799 7807 7815 7829 7997 6742 94 95
19 18 6617 7117 6820 6831 7457 7627 7791 7799 7807 7815 7829 7997 6742 94 95
19 18 6617 7117 6820 6831 7457 7627 7791 7799 7807 7815 7829 7997 6742 94 95
19 18 6617 7117 6820 6831 7457 7627 7791 7799 7807 7815 7829 7997 6742 94 95
19 18 6617 7117 6820 6831 7457 7627 7791 7799 7807 7815 7829 7997 6742 94 95

8 2 18 2
19 18 6617 7117 6820 6831 7457 7627 7791 7799 7807 7815 7823 7831 7839 7845 7853 6766 96 97
19 18 6617 7117 6820 6831 7457 7627 7791 7799 7807 7815 7823 7831 7839 7845 7853 6766 96 97
19 18 6617 7117 6820 6831 7457 7627 7791 7799 7807 7815 7823 7831 7839 7845 7853 6766 96 97
19 18 6617 7117 6820 6831 7457 7627 7791 7799 7807 7815 7823 7831 7839 7845 7853 6766 96 97
19 18 6617 7117 6820 6831 7457 7627 7791 7799 7807 7815 7823 7831 7839 7845 7853 6766 96 97

8 2 19 1
19 18 6617 7117 6820 6831 7457 7627 7791 7799 7807 7815 6592 6601 7999 8007 6692 6707 8361 6774 98 99 100
19 18 6617 7117 6820 6831 7457 7627 7791 7799 7807 7815 6592 6601 7999 8007 6692 6707 8361 6774 98 99 100
19 18 6617 7117 6820 6831 7457 7627 7791 7799 7807 7815 6592 6601 7999 8007 6692 6707 8361 6774 98 99 100
19 18 6617 7117 6820 6831 7457 7627 7791 7799 7807 7815 6592 6601 7999 8007 6692 6707 8361 6774 98 99 100
19 18 6617 7117 6820 6831 7457 7627 7791 7799 7807 7815 6592 6601 7999 8007 6692 6707 8361 6774 98 99 100

8 2 20 1
19 18 6617 7117 6820 6831 7457 7627 7791 7799 7807 7815 6592 6601 8005 8175 8345 8517 6784 101 102 103
19 18 6617 7117 6820 6831 7457 7627 7791 7799 7807 7815 6592 6601 8005 8175 8345 8517 6784 101 102 103
19 18 6617 7117 6820 6831 7457 7627 7791 7799 7807 7815 6592 6601 8005 8175 8345 8517 6784 101 102 103
19 18 6617 7117 6820 6831 7457 7627 7791 7799 7807 7815 6592 6601 8005 8175 8345 8517 6784 101 102 103
19 18 6617 7117 6820 6831 7457 7627 7791 7799 7807 7815 6592 6601 8005 8175 8345 8517 6784 101 102 103

8 2 21 2
19 18 6617 7117 6820 6831 7457 7625 7787 7947 8107 8263 8425 6816 104 105
19 18 6617 7117 6820 6831 7457 7625 7787 7947 8107 8263 8425 6816 104 105
19 18 6617 7117 6820 6831 7457 7625 7787 7947 8107 8263 8425 6816 104 105
19 18 6617 7117 6820 6831 7457 7625 7787 7947 8107 8263 8425 6816 104 105
19 18 6617 7117 6820 6831 7457 7625 7787 7947 8107 8263 8425 6816 104 105

8 2 22 2
19 18 6617 7117 6820 106 107
19 3991 4491 4194 107
1421 1881 1624
19 18 6617 7115 6818 106 107
19 18 6613 6955 7123 6820 106 107

8 2 23 1
19 18 6617 7117 6820 6831 7457 7625 7789 7957 6636 6643 8295 6660 6675 8793 8955 6834 108 109 110
19 18 6617 7117 6820 6831 7457 7625 7789 7957 6636 6643 8295 6660 6675 8793 8955 6834 108 109 110
19 18 6617 7117 6820 6831 7457 7625 7789 7957 6636 6643 8295 6660 6675 8793 8955 6834 108 109 110
19 18 6617 7117 6820 6831 7457 7625 7789 7957 6636 6643 8295 6660 6675 8793 8955 6834 108 109 110
19 18 6617 7117 6820 6831 7457 7625 7789 7957 6636 6643 8295 6660 6675 8793 8955 6834 108 109 110

8 2 24 2
19 18 6617 7117 6820 6831 7457 7625 7787 7947 8109 8271 6726 6737 8761 6844 111 112
19 18 6617 7117 6820 6831 7457 7625 7787 7947 8109 8271 6726 6737 8761 6844 111 112
19 18 6617 7117 6820 6831 7457 7625 7787 7947 8109 8271 6726 6737 8761 6844 111 112
19 18 6617 7117 6820 6831 7457 7625 7787 7947 8109 8271 6726 6737 8761 6844 111 112
19 18 6617 7117 6820 6831 7457 7625 7787 7947 8109 8271 6726 6737 8761 6844 111 112

9 2 11 2
1423 1619 3174 3012 2856 1462
1423 1619 3174 3018 2858 1462
21 3993 105 1619 3174 3012 2856 1462
21 3993 105 1619 3174 3018 2858 1462
21 20 6619 104 105 1619 3174 3012 2856 1462

9 2 12 2
1423 1619 3329 1534 1364 1371 1468
21 3993 105 1619 3329 1534 1364 1371 1468
1423 1619 3329 1534 1364 1371 3361 1470
21 20 6619 104 105 1619 3329 1534 1364 1371 1468
1423 1619 3329 1534 1537 3353 1468

9 2 13 1
21 20 6619 6815 8426 8423 8278 8124 7970 7818 7664 7510 7360 7210 6686 85 86 87
21 20 6619 6815 8426 8423 8278 8124 7970 7818 7664 7510 7360 7210 6686 85 86 87
21 20 6619 6815 8426 8423 8278 8124 7970 7818 7664 7510 7360 7210 6686 85 86 87
21 20 6619 6815 8426 8423 8278 8124 7970 7818 7664 7510 7360 7210 6686 85 86 87
21 20 6619 6815 8426 8423 8278 8124 7970 7818 7664 7510 7360 7210 6686 85 86 87

9 2 14 2
21 20 6619 6815 8426 8423 8278 6640 6637 8137 8145 8153 8161 8169 6698 88 89
21 20 6619 6815 8581 8434 8278 6640 6637 8137 8145 8153 8161 8169 6698 88 89
1423 49 48 6815 8581 8434 8278 6640 6637 8137 8145 8153 8161 8169 6698 88 89
1423 49 48 6815 8426 8423 8278 6640 6637 8137 8145 8153 8161 8169 6698 88 89
21 3993 48 6815 8581 8434 8278 6640 6637 8137 8145 8153 8161 8169 6698 88 89

9 2 15 2
21 20 6522 6525 8070 7902 7746 6588 6575 6722 90 91
1344 4 3 6525 8070 7902 7746 6588 6575 6722 90 91
21 3896 3 6525 8070 7902 7746 6588 6575 6722 90 91
21 20 6623 8234 8070 7902 7746 6588 6575 6722 90 91
1344 4 3 6525 8070 7908 7748 6588 6575 6722 90 91

9 2 16 2
1423 1619 3329 1534
21 3993 105 1619 3329 1534
21 20 6619 104 105 1619 3329 1534
1423 1617 3321 3329 1534
1423 1619 3329 3337 1536

9 2 17 2
21 20 6619 6815 8426 8423 8278 6640 6637 8137 8145 8153 6742 94 95
1423 49 48 6815 8581 8434 8278 6640 6637 8137 8145 8153 6742 94 95
21 20 6619 6815 8581 8434 8278 6640 6637 8137 8145 8153 6742 94 95
1423 49 48 6815 8426 8423 8278 6640 6637 8137 8145 8153 6742 94 95
21 3993 48 6815 8581 8434 8278 6640 6637 8137 8145 8153 6742 94 95

9 2 18 2
21 3993 4189 5955 5808 5652 4014 4011 5360 3972 3969 5213 5219 5227 4140 97
21 3993 4189 5955 5808 5652 4014 4011 5360 3972 3969 5213 5219 5227 4140 97
21 3993 4189 5955 5808 5652 4014 4011 5360 3972 3969 5213 5219 5227 4140 97
21 3993 4189 5955 5808 5652 4014 4011 5360 3972 3969 5213 5219 5227 4140 97
21 3993 4189 5955 5808 5652 4014 4011 5360 3972 3969 5213 5219 5227 4140 97

9 2 19 1
21 3993 4189 5955 5808 5652 4014 4011 5511 5519 5527 4116 4127 5713 5721 5735 4148 99 100
21 3993 4189 5955 5808 5652 4014 4011 5511 5519 5527 4116 4127 5713 5721 5735 4148 99 100
21 3993 4189 5955 5808 5652 4014 4011 5511 5519 5527 4116 4127 5713 5721 5735 4148 99 100
21 3993 4189 5955 5808 5652 4014 4011 5511 5519 5527 4116 4127 5713 5721 5735 4148 99 100
21 3993 4189 5955 5808 5652 4014 4011 5511 5519 5527 4116 4127 5713 5721 5735 4148 99 100

9 2 20 1
21 3993 4189 5955 4104 36 6542 6549 6664 6669 8637 8645 8659 8821 8829 6788 101 102 103
21 3993 4189 5955 4104 3916 5 6549 6664 6669 8637 8645 8659 8821 8829 6788 101 102 103
1423 49 4189 5955 4104 36 6542 6549 6664 6669 8637 8645 8659 8821 8829 6788 101 102 103
1423 49 4189 5955 4104 3916 5 6549 6664 6669 8637 8645 8659 8821 8829 6788 101 102 103
21 3993 4189 5955 4104 3916 3923 4038 27 6669 8637 8645 8659 8821 8829 6788 101 102 103

9 2 21 2
1423
21 3993 105
21 20 6619 104 105
1427 1608
1433 1616

9 2 22 2
1423 1619 3174 3012 2856 2696 2536 2384 2222 1636
21 3993 105 1619 3174 3012 2856 2696 2536 2384 2222 1636
21 3993 105 1619 3174 3018 2858 2696 2536 2384 2222 1636
21 20 6619 104 105 1619 3174 3012 2856 2696 2536 2384 2222 1636
21 3993 105 1619 3174 3012 2856 2702 2544 2386 2222 1636

9 2 23 1
1423 49 4189 5955 4104 36 6542 6555 8779 8949 6834 108 109 110
1435 3321 3329 1534 1364 1377 3527 3697 1638 110
1427 1608 49 4189 5955 4104 36 6542 6555 8779 8949 6834 108 109 110
1427 1608 49 4189 5955 4104 3916 5 6555 8779 8949 6834 108 109 110
1427 1608 49 4189 5955 4104 3916 3929 6153 6323 4208 109 110

9 2 24 2
1423 1617 3325 3489 1644
1435 3325 3489 1644
1435 3327 3495 1644
1433 3319 3489 1644
1435 3325 3489 3657 1652

10 1 11 2
24 1437 2854 1462
24 1439 2862 2854 1462
24 1443 2860 1462
24 1437 2698 1456
24 1439 2862 2698 1456

10 1 12 2
24 1447 3043 1464
24 1445 3037 1464
24 1447 3045 1466
24 1447 3043 3207 1470
24 1445 3037 3207 1470

10 1 13 1
285 726 680 642 604 554 488 304
24 1439 2718 2566 2422 2274 2124 1974 1490 87
24 23 4009 5344 5192 5038 4884 4734 4584 4060 86 87
24 23 22 6635 7970 7818 7664 7510 7360 7210 6686 85 86 87
24 1441 2734 1402 1393 2276 2124 1974 1490 87

10 1 14 2
24 1441 2885 2893 2901 2909 2917 1502
24 23 4011 5511 5519 5527 5535 5543 4072 89
24 23 22 6637 8137 8145 8153 8161 8169 6698 88 89
24 1441 2885 2893 2901 2909 2766 1496
24 23 4011 5511 5519 5527 5535 5392 4066 89

10 1 15 2
24 23 22 6635 7958 7796 7628 7458 6832 6825 6580 65 66 1379 1526
24 23 22 6635 7958 7790 7626 7458 6832 6825 6580 65 66 1379 1526
24 23 22 6635 7964 7798 7628 7458 6832 6825 6580 65 66 1379 1526
24 23 22 6635 7958 7796 7628 7458 6832 106 4199 3954 66 1379 1526
24 23 22 6635 7958 7790 7626 7458 6832 106 4199 3954 66 1379 1526

10 1 16 2
24 1443 3025 1530
24 1443 3027 1532
24 1443 3016 3019 1530
24 1439 2871 3025 1530
24 1443 3025 3183 1536

10 1 17 2
24 1441 2885 2893 2901 1546
24 23 4011 5511 5519 5527 4116 95
24 1441 2885 2899 1552
24 1441 2885 2893 2907 1554
24 1441 2885 2893 2901 2909 1548

10 1 18 2
24 1441 2734 1402 1399 2587 2593 2601 1570
24 23 4011 5360 3972 3969 5213 5219 5227 4140 97
24 23 4011 5360 3972 3969 5213 3938 3941 4140 97
287 781 805 829 933 1061 1069 322 47 1587 3272 3108 2946 2784 1576
24 1441 2734 1402 1399 2587 2593 2601 1570

10 1 19 1
287 781 805 823 831 839 853 951 959 312
287 781 805 823 831 839 847 855 863 310
287 781 805 829 933 1061 1069 322 319 312
287 781 805 829 927 935 943 951 959 312
293 799 805 823 831 839 853 951 959 312

10 1 20 1
287 781 805 829 933 1061 1069 322
287 781 805 829 933 1061 1069 1077 324
293 799 805 829 933 1061 1069 322
287 781 805 829 927 941 1069 322
293 799 805 829 933 1061 1069 1077 324

10 1 21 2
293 801 821 923 1049 1187 340 54 53 52 6833 8950 8780 6556 61 3915 4103 5956 4190 105
293 801 821 923 1049 1187 340 54 53 52 6833 8950 8780 6556 61 3915 4103 5956 4190 105
293 801 821 923 1049 1187 340 54 53 52 6833 8950 8780 6556 61 3915 4103 5956 4190 105
293 801 821 923 1049 1187 340 54 53 52 6833 8950 8780 6556 61 3915 4103 5956 4190 105
293 801 821 923 1049 1187 340 54 53 52 6833 8950 8780 6556 61 3915 4103 5956 4190 105

10 1 22 2
293 801 821 923 1049 1187 340 54 53 52 6835 8958 8794 6676 6659 8296 6644 78 79 1439 2706 2544 2386 2222 1636
293 801 821 923 1049 1187 340 54 53 52 6835 8958 8794 6676 6659 8296 6644 78 79 1439 2706 2544 2386 2222 1636
293 801 821 923 1049 1187 340 54 53 52 6835 8958 8794 6676 6659 8296 6644 78 79 1439 2706 2544 2386 2222 1636
293 801 821 923 1049 1187 340 54 53 52 6835 8958 8794 6676 6659 8296 6644 78 79 1439 2706 2544 2386 2222 1636
293 801 821 923 1049 1187 340 54 53 52 6835 8958 8794 6676 6659 8296 6644 78 79 1439 2706 2544 2386 2222 1636

10 1 23 1
293 801 821 923 1049 1187 340
293 801 819 919 1049 1187 340
293 801 819 917 1041 1171 336
293 801 819 917 1041 1173 338
293 801 821 923 1051 1193 340

10 1 24 2
293 801 821 923 1049 1187 340 54 53 52 6833 9102 9096 9088 9082 6850 111 112
293 801 821 923 1049 1187 340 54 53 52 6833 9102 9096 9088 9082 6850 111 112
293 801 821 923 1049 1187 340 54 53 52 6833 9102 9096 9088 9082 6850 111 112
293 801 821 923 1049 1187 340 54 53 52 6833 9102 9096 9088 9082 6850 111 112
293 801 821 923 1049 1187 340 54 53 52 6833 9102 9096 9088 9082 6850 111 112