0 2 11 2
2 1 6515 7416 6576 6585 7595 7765 6648 81 82
2 1 6515 7416 6576 65 3959 4969 5139 4022 82
1337 2180 1380 10 9 6585 7595 7765 6648 81 82
2 1 6519 7727 7735 7743 7751 7765 6648 81 82
2 1 6515 7416 6576 65 3953 4200 50 6831 7457 7625 7787 6652 81 82

0 2 12 2
2 1 6517 7723 7885 8055 6524 6521 6619 6815 8581 6730 6542 6549 6664 83 84
2 1 6517 7725 7893 8063 8233 6804 6815 8581 6730 6542 6549 6664 83 84
2 1 6519 7733 7901 8069 8233 6804 6815 8581 6730 6542 6549 6664 83 84
2 3893 5107 5275 5443 3900 3895 3993 4189 5955 4104 3916 3923 4038 84
2 3891 5097 5259 5429 3898 3895 3993 4189 5955 4104 3916 3923 4038 84

0 2 13 1
2 1 6515 7416 6576 6579 6826 6831 7457 7621 7629 7486 7336 7333 7194 7191 6684 85 86 87
2 1 6515 7416 6576 6579 6826 6831 7457 7621 7629 7486 7336 7333 7194 7191 6684 85 86 87
2 1 6515 7416 6576 6579 6826 6831 7457 7621 7629 7486 7336 7333 7194 7191 6684 85 86 87
2 1 6515 7416 6576 6579 6826 6831 7457 7621 7629 7486 7336 7333 7194 7191 6684 85 86 87
2 1 6515 7416 6576 6579 6826 6831 7457 7621 7629 7486 7336 7333 7194 7191 6684 85 86 87

0 2 14 2
2 1 6515 7416 6576 6579 6826 6831 7457 7627 7791 7799 7807 7815 6592 6601 7999 8007 6692 88 89
2 1 6515 7416 6576 6579 6826 6831 7457 7627 7791 7799 7807 7815 6592 6601 7999 8007 6692 88 89
2 1 6515 7416 6576 6579 6826 6831 7457 7627 7791 7799 7807 7815 6592 6601 7999 8007 6692 88 89
2 1 6515 7416 6576 6579 6826 6831 7457 7627 7791 7799 7807 7815 6592 6601 7999 8007 6692 88 89
2 1 6515 7416 6576 6579 6826 6831 7457 7627 7791 7799 7807 7815 6592 6601 7999 8007 6692 88 89

0 2 15 2
2 1 6515 7410 6720 90 91
2 1 6515 7416 6722 90 91
2 3889 4784 4094 91
2 1 6513 7408 6720 90 91
2 3889 4790 4096 91

0 2 16 2
2 1 6517 7723 7885 8055 6524 6521 6619 6815 8581 6730 92 93
2 1 6517 7725 7893 8063 8233 6804 6815 8581 6730 92 93
2 1 6519 7733 7901 8069 8233 6804 6815 8581 6730 92 93
2 1 6517 7723 7883 8047 8217 6532 6521 6619 6815 8581 6730 92 93
2 3893 5107 5275 5443 3900 3895 3993 4189 5955 4104 93

0 2 17 2
2 1 6515 7416 6576 6579 6826 6831 7457 7627 7791 7799 7807 7815 7829 7997 6742 94 95
2 1 6515 7416 6576 6579 6826 6831 7457 7627 7791 7799 7807 7815 7829 7997 6742 94 95
2 1 6515 7416 6576 6579 6826 6831 7457 7627 7791 7799 7807 7815 7829 7997 6742 94 95
2 1 6515 7416 6576 6579 6826 6831 7457 7627 7791 7799 7807 7815 7829 7997 6742 94 95
2 1 6515 7416 6576 6579 6826 6831 7457 7627 7791 7799 7807 7815 7829 7997 6742 94 95

0 2 18 2
2 1 6515 7416 6576 6579 6826 6831 7457 7627 7791 7799 7807 7815 7823 7831 7839 7845 7853 6766 96 97
2 1 6515 7416 6576 6579 6826 6831 7457 7627 7791 7799 7807 7815 7823 7831 7839 7845 7853 6766 96 97
2 1 6515 7416 6576 6579 6826 6831 7457 7627 7791 7799 7807 7815 7823 7831 7839 7845 7853 6766 96 97
2 1 6515 7416 6576 6579 6826 6831 7457 7627 7791 7799 7807 7815 7823 7831 7839 7845 7853 6766 96 97
2 1 6515 7416 6576 6579 6826 6831 7457 7627 7791 7799 7807 7815 7823 7831 7839 7845 7853 6766 96 97

0 2 19 1
2 1 6515 7416 6576 6579 6826 6831 7457 7627 7791 7799 7807 7815 6592 6601 7999 8007 6692 6707 8361 6774 98 99 100
2 1 6515 7416 6576 6579 6826 6831 7457 7627 7791 7799 7807 7815 6592 6601 7999 8007 6692 6707 8361 6774 98 99 100
2 1 6515 7416 6576 6579 6826 6831 7457 7627 7791 7799 7807 7815 6592 6601 7999 8007 6692 6707 8361 6774 98 99 100
2 1 6515 7416 6576 6579 6826 6831 7457 7627 7791 7799 7807 7815 6592 6601 7999 8007 6692 6707 8361 6774 98 99 100
2 1 6515 7416 6576 6579 6826 6831 7457 7627 7791 7799 7807 7815 6592 6601 7999 8007 6692 6707 8361 6774 98 99 100

0 2 20 1
2 1 6517 7723 7885 8055 6524 6521 6619 6815 8581 6730 6542 6549 6664 6669 8637 8645 8659 8821 8829 6788 101 102 103
2 1 6517 7723 7885 8055 6524 6521 6619 6815 8581 6730 6542 6549 6664 6669 8637 8645 8659 8821 8829 6788 101 102 103
2 1 6517 7723 7885 8055 6524 6521 6619 6815 8581 6730 6542 6549 6664 6669 8637 8645 8659 8821 8829 6788 101 102 103
2 1 6517 7723 7885 8055 6524 6521 6619 6815 8581 6730 6542 6549 6664 6669 8637 8645 8659 8821 8829 6788 101 102 103
2 1 6517 7723 7885 8055 6524 6521 6619 6815 8581 6730 6542 6549 6664 6669 8637 8645 8659 8821 8829 6788 101 102 103

0 2 21 2
2 1 6517 7723 7885 8055 6524 59 60 1343 1423
2 1 6517 7725 7893 8063 8233 6804 104 105
2 1 6519 7733 7901 8069 8233 6804 104 105
2 1 6517 7725 7891 8055 6524 59 60 1343 1423
2 1 6517 7723 7883 8047 8217 6532 59 60 1343 1423

0 2 22 2
2 1 6515 7416 6576 6579 6826 106 107
2 3889 4790 3950 9 6579 6826 106 107
2 3889 4939 3956 9 6579 6826 106 107
1337 2180 1380 10 9 6579 6826 106 107
2 1 6519 7576 6582 6579 6826 106 107

0 2 23 1
2 1 6517 7723 7885 8055 6524 6521 6619 6815 8581 6730 6542 6555 8779 8949 6834 108 109 110
2 1 6517 7723 7885 8055 6524 6521 6619 6815 8581 6730 6542 6555 8779 8949 6834 108 109 110
2 1 6517 7723 7885 8055 6524 6521 6619 6815 8581 6730 6542 6555 8779 8949 6834 108 109 110
2 1 6517 7723 7885 8055 6524 6521 6619 6815 8581 6730 6542 6555 8779 8949 6834 108 109 110
2 1 6517 7723 7885 8055 6524 6521 6619 6815 8581 6730 6542 6555 8779 8949 6834 108 109 110

0 2 24 2
2 1 6517 7723 7885 8055 6524 6521 6619 6813 8577 8741 6840 111 112
2 1 6517 7725 7893 8063 8233 6804 6813 8577 8741 6840 111 112
2 1 6519 7733 7901 8069 8233 6804 6813 8577 8741 6840 111 112
2 3893 5107 5275 5443 3900 3895 3993 4187 5951 6115 4214 112
2 3891 5097 5259 5429 3898 3895 3993 4187 5951 6115 4214 112

1 2 11 2
1343 1423 1619 3174 3012 2856 1462
4 3895 3993 4189 5800 5638 5482 4032 82
4 3 6521 6619 6815 8426 8264 8108 6658 81 82
4 3895 3993 4189 5800 5644 5484 4032 82
1357 1608 1619 3174 3012 2856 1462

1 2 12 2
1343 1423 1619 3329 1534 1364 1371 1468
1343 21 3993 4189 5955 4104 3916 3923 4038 84
1343 21 20 6619 6815 8581 6730 6542 6549 6664 83 84
4 3895 3993 4189 5955 4104 3916 3923 4038 84
1357 1608 1619 3329 1534 1364 1371 1468

1 2 13 1
4 3 6521 6619 6815 8581 8434 8278 8124 7970 7818 7664 7510 7360 7210 6686 85 86 87
4 3 6521 6619 6815 8581 8434 8278 8124 7970 7818 7664 7510 7360 7210 6686 85 86 87
4 3 6521 6619 6815 8581 8434 8278 8124 7970 7818 7664 7510 7360 7210 6686 85 86 87
4 3 6521 6619 6815 8581 8434 8278 8124 7970 7818 7664 7510 7360 7210 6686 85 86 87
4 3 6521 6619 6815 8581 8434 8278 8124 7970 7818 7664 7510 7360 7210 6686 85 86 87

1 2 14 2
4 3 6521 6619 6815 8581 8434 8278 6640 6637 8137 8145 8153 8161 8169 6698 88 89
4 3 6521 6619 6815 8581 8434 8278 6640 6637 8137 8145 8153 8161 8169 6698 88 89
4 3 6521 6619 6815 8581 8434 8278 6640 6637 8137 8145 8153 8161 8169 6698 88 89
4 3 6521 6619 6815 8581 8434 8278 6640 6637 8137 8145 8153 8161 8169 6698 88 89
4 3 6521 6619 6815 8581 8434 8278 6640 6637 8137 8145 8153 8161 8169 6698 88 89

1 2 15 2
4 3 6525 8070 7902 7746 6588 6575 6722 90 91
4 3 6525 8070 7902 7740 7572 7410 6720 90 91
4 3 6525 8070 7902 7740 7578 7418 6722 90 91
4 3899 5444 5276 5120 3962 3949 4096 91
4 3899 5444 5282 5122 3962 3949 4096 91

1 2 16 2
1343 1423 1619 3329 1534
4 3895 3993 4189 5955 4104 93
4 3 6521 6619 6815 8581 6730 92 93
1343 1423 1619 3174 1528
4 3895 3993 4189 5800 4098 93

1 2 17 2
4 3 6521 6619 6815 8581 8434 8278 6640 6637 8137 8145 8153 6742 94 95
4 3 6521 6619 104 4189 5955 5808 5652 4014 4011 5511 5519 5527 4116 95
4 3 6521 6619 104 105 1619 3174 3171 3026 1444 1441 2885 2893 2901 1546
4 3 6533 6622 6619 6815 8426 8423 8278 6640 6637 8137 8145 8153 6742 94 95
4 3 6533 6622 6619 104 4189 5955 5808 5652 4014 4011 5511 5519 5527 4116 95

1 2 18 2
4 3 6521 6619 6815 8581 8434 8278 6640 6637 7986 6598 6595 7839 7845 7853 6766 96 97
4 3 6521 6619 6815 8581 8434 8278 6640 6637 7986 6598 6595 7839 7845 7853 6766 96 97
4 3 6521 6619 6815 8581 8434 8278 6640 6637 7986 6598 6595 7839 7845 7853 6766 96 97
4 3 6521 6619 6815 8581 8434 8278 6640 6637 7986 6598 6595 7839 7845 7853 6766 96 97
4 3 6521 6619 6815 8581 8434 8278 6640 6637 7986 6598 6595 7839 7845 7853 6766 96 97

1 2 19 1
4 3 6521 6619 6815 8581 8434 8278 6640 6637 8137 8145 8153 6742 6753 8339 8347 8361 6774 98 99 100
4 3 6521 6619 6815 8581 8434 8278 6640 6637 8137 8145 8153 6742 6753 8339 8347 8361 6774 98 99 100
4 3 6521 6619 6815 8581 8434 8278 6640 6637 8137 8145 8153 6742 6753 8339 8347 8361 6774 98 99 100
4 3 6521 6619 6815 8581 8434 8278 6640 6637 8137 8145 8153 6742 6753 8339 8347 8361 6774 98 99 100
4 3 6521 6619 6815 8581 8434 8278 6640 6637 8137 8145 8153 6742 6753 8339 8347 8361 6774 98 99 100

1 2 20 1
4 3 6521 6619 6815 8581 6730 6542 6549 6664 6669 8637 8645 8659 8821 8829 6788 101 102 103
4 3 6521 6619 6815 8581 6730 6542 6549 6664 6669 8637 8645 8659 8821 8829 6788 101 102 103
4 3 6521 6619 6815 8581 6730 6542 6549 6664 6669 8637 8645 8659 8821 8829 6788 101 102 103
4 3 6521 6619 6815 8581 6730 6542 6549 6664 6669 8637 8645 8659 8821 8829 6788 101 102 103
4 3 6521 6619 6815 8581 6730 6542 6549 6664 6669 8637 8645 8659 8821 8829 6788 101 102 103

1 2 21 2
1343 1423
4 3895 77 1423
4 3 6521 76 77 1423
1357 1608
1357 1428 1423

1 2 22 2
4 3 6521 6619 6815 8426 8264 8108 7948 7788 7626 7458 6832 106 107
4 3 6521 6619 6815 8426 8264 8108 7948 7788 7620 7450 6830 106 107
4 3 6521 6619 6815 8426 8264 8108 7954 7796 7628 7458 6832 106 107
4 3 6521 6619 6815 8426 8264 8108 7954 7796 7628 7458 6832 106 4199 3954 66 1383 1630
4 3 6521 6619 6815 8426 8270 8110 7948 7788 7626 7458 6832 106 107

1 2 23 1
4 3 6521 6619 6815 8581 6730 6542 6555 8779 8949 6834 108 109 110
4 3 6521 6619 6815 8581 6730 6542 61 3929 6153 6323 4208 109 110
4 3 6521 6619 6815 8581 6730 6542 61 62 1377 3527 3697 1638 110
4 3 6521 6619 6815 8581 6730 6542 6553 8771 8941 9101 6834 108 109 110
4 3 6521 6619 6815 8581 6730 6542 6549 8619 8787 8957 6836 108 109 110

1 2 24 2
1343 1423 1617 3325 3489 1644
4 3895 3993 4187 5951 6115 4214 112
4 3 6521 6619 6813 8577 8741 6840 111 112
4 3 6521 6619 6813 8579 8747 6840 111 112
4 3895 3993 4187 5953 6121 4214 112

2 2 11 2
1363 1529 3020 2858 1462
6 3915 4099 5646 5484 4032 82
1363 1529 3014 2856 1462
6 5 6541 6725 8272 8110 6658 81 82
1363 1529 3026 2860 1462

2 2 12 2
1371 1468
6 3923 4038 84
6 5 6549 6664 83 84
1371 3361 1470
6 3923 5987 4040 84

2 2 13 1
6 5 6543 8280 8124 7970 7818 7664 7510 7360 7210 6686 85 86 87
1363 1529 3026 2872 2718 2566 2422 2274 2124 1974 1490 87
6 3917 5654 5498 5344 5192 5038 4884 4734 4584 4060 86 87
6 5 6543 8280 8124 7970 7818 7658 7502 7352 7202 6684 85 86 87
1363 1529 3026 2872 2718 2560 2414 2266 2116 1966 1488 87

2 2 14 2
6 5 6549 6664 6661 8310 8307 6748 6745 6698 88 89
6 5 6549 6664 6669 8482 8326 6750 6745 6698 88 89
6 5 6549 8458 8302 8148 8145 8153 8161 8169 6698 88 89
6 5 6543 8280 6640 6637 8137 8145 8153 8161 8169 6698 88 89
6 5 6543 8280 6640 78 4011 5511 5519 5527 5535 5543 4072 89

2 2 15 2
6 5 6541 6725 8272 8110 6658 6647 7766 7596 6586 6575 6722 90 91
6 5 6541 6725 8272 8110 7948 7788 7626 7458 6832 6825 6580 6575 6722 90 91
6 5 6541 6725 8272 8110 7948 7788 7626 7458 6832 106 4199 3954 3949 4096 91
6 5 6541 6725 8272 8110 6658 81 4021 5140 4970 3960 3949 4096 91
6 5 6541 6725 8272 8110 7948 7788 7626 7458 6832 106 107 1629 1384 1379 1526

2 2 16 2
1363
6 3915 93
6 5 6541 92 93
1367 1536
6 3919 4106 93

2 2 17 2
6 5 6549 6664 6661 8310 8307 6748 94 95
6 3923 4038 4035 5684 5681 4122 95
6 5 6549 6664 6669 8482 8326 6750 94 95
1371 1468 1465 3058 3055 1552
6 5 6549 6664 6669 8637 8490 6756 94 95

2 2 18 2
6 5 6549 6664 6661 8310 8156 8153 8161 8018 7864 6766 96 97
6 5 6549 8458 8302 8148 8145 8153 8161 8018 7864 6766 96 97
6 5 6543 8280 6640 6637 7986 6598 6595 7839 7845 7853 6766 96 97
6 5 6549 6664 83 4035 5684 5530 5527 5535 5392 5238 4140 97
6 5 6549 6664 6669 8482 8326 8172 8018 7864 6766 96 97

2 2 19 1
6 5 6549 6664 6661 8310 8307 6748 6753 8339 8347 8361 6774 98 99 100
6 5 6549 6664 6669 8482 8326 6750 6753 8339 8347 8361 6774 98 99 100
6 5 6549 6664 6661 8310 8307 6748 94 4127 5713 5721 5735 4148 99 100
6 5 6549 6664 6661 8310 8307 6748 94 95 1557 3087 3095 3109 1578 100
6 5 6549 6664 6667 8474 8318 6748 6753 8339 8347 8361 6774 98 99 100

2 2 20 1
6 5 6549 6664 6669 8637 8645 8659 8821 8829 6788 101 102 103
6 5 6549 6664 83 4043 6011 6019 6033 6195 6203 4162 102 103
6 5 6549 6664 83 84 1473 3385 3393 3407 3569 3577 1592 103
1371 1468 28 27 6669 8637 8645 8659 8821 8829 6788 101 102 103
1371 1468 1473 3385 3393 3407 3569 3577 1592 103

2 2 21 2
1363 1533 3330 1620
6 3915 4103 5956 4190 105
6 5 6541 6729 8582 6816 104 105
1367 3338 3330 1620
1363 1533 3339 3328 1618

2 2 22 2
6 5 6541 6725 8272 8110 7948 7788 7626 7458 6832 106 107
6 5 6543 8280 8118 7956 7790 7626 7458 6832 106 107
6 5 6541 6725 8272 8110 7948 7788 7620 7450 6830 106 107
6 5 6541 92 4099 5646 5484 5322 5162 5000 4832 4206 107
6 5 6541 92 4099 5652 5492 5330 5170 5002 4832 4206 107

2 2 23 1
1377 3527 3697 1638 110
1377 3521 3535 3703 1638 110
1377 3521 3535 3705 1640 110
1377 3525 3689 3849 1638 110
1377 1476 1479 3541 3703 1638 110

2 2 24 2
1375 3515 1648
1373 3509 1648
1373 3507 1646
1375 3517 3668 1648
1375 3517 3677 1654

3 3 11 2
3937 5214 3970 3971 5350 5342 5334 5326 5318 4026 82
7 6563 7840 6596 6597 7976 7968 7960 7952 7944 6652 81 82
3937 5214 5206 5198 5190 5182 5174 5166 5167 4026 82
7 6563 7840 7832 7824 7816 7808 7800 7792 7793 6652 81 82
3937 5214 5206 5198 5190 5191 5334 5326 5318 4026 82

3 3 12 2
3937 5221 5375 5529 5683 4036 84
7 6563 7847 8001 8155 8309 6662 83 84
7 6563 7840 7841 7993 8149 8309 6662 83 84
3937 5221 5375 5529 5674 5677 4036 84
3937 5221 5375 5529 5674 5675 4034 84

3 3 13 1
3933 4910 4752 4588 4060 86 87
3933 4910 4746 4064 86 87
3933 4904 4744 4064 86 87
7 6559 7536 7378 7214 6686 85 86 87
7 6559 7536 7372 6690 85 86 87

3 3 14 2
3939 5231 4066 89
3939 5233 4068 89
7 6565 7859 6694 88 89
3941 5239 4068 89
7 6565 7857 6692 88 89

3 3 15 2
7 6557 7678 7670 7662 7654 7646 7638 7630 7622 7458 6832 6825 6580 6575 6722 90 91
7 6557 7678 7670 7662 7654 7646 7638 7630 7622 7458 6832 6825 6580 6575 6722 90 91
7 6557 7678 7670 7662 7654 7646 7638 7630 7622 7458 6832 6825 6580 6575 6722 90 91
7 6557 7678 7670 7662 7654 7646 7638 7630 7622 7458 6832 6825 6580 6575 6722 90 91
7 6557 7678 7670 7662 7654 7646 7638 7630 7622 7458 6832 6825 6580 6575 6722 90 91

3 3 16 2
3937 5214 3970 3971 5359 4012 4013 5651 4100 93
7 6563 7840 6596 6597 7985 6638 6639 8277 6726 92 93
3937 5214 3970 69 1401 2733 1442 1443 3025 1530
3937 5221 5375 5520 5512 4012 4013 5651 4100 93
7 6563 7847 7992 7993 8138 6638 6639 8277 6726 92 93

3 3 17 2
3939 5231 5391 4118 95
3939 5229 5385 4118 95
7 6565 7857 8017 6744 94 95
3937 5223 5385 4118 95
7 6565 7855 8011 6744 94 95

3 3 18 2
3941 4140 97
7 6567 6766 96 97
3935 4134 97
3941 5235 4142 97
3939 5227 4140 97

3 3 19 1
3939 5231 4066 4081 5735 4148 99 100
3939 5231 4066 89 1511 3109 1578 100
7 6565 7859 6694 6707 8361 6774 98 99 100
7 6565 7859 6694 88 4081 5735 4148 99 100
3941 5239 4068 4081 5735 4148 99 100

3 3 20 1
3939 5231 4066 4081 5733 5897 4158 102 103
3939 5231 4066 4081 5735 5905 4160 102 103
7 6565 7859 6694 6707 8359 8523 6784 101 102 103
7 6565 7859 6694 6707 8361 8531 6786 101 102 103
3941 5239 4068 4081 5733 5897 4158 102 103

3 3 21 2
7 6563 7840 6596 6597 7985 6638 6639 8277 8433 8582 6816 104 105
3937 5214 3970 3971 5359 4012 4013 5651 5798 5799 4190 105
3937 5214 3970 12 6597 7985 6638 6639 8277 8424 8425 6816 104 105
7 6563 7840 6596 6597 7985 6638 78 4013 5651 5798 5799 4190 105
7 6563 7847 7992 7993 8138 6638 6639 8277 8424 8425 6816 104 105

3 3 22 2
7 6557 7678 7670 7662 7654 7646 7638 7630 7622 7458 6832 106 107
7 6563 7840 7832 7824 7816 7808 7800 7792 7628 7458 6832 106 107
7 6557 7678 7670 7662 7654 7646 7638 7630 7622 7614 7450 6830 106 107
3937 5214 3970 12 6591 7816 7808 7800 7792 7628 7458 6832 106 107
3937 5214 5206 5198 5190 5182 5174 5166 5002 4832 4206 107

3 3 23 1
7 6565 7857 8017 6744 6755 8491 8655 8809 8971 6838 108 109 110
7 6565 7857 8017 6744 6755 8491 8657 8817 8977 6838 108 109 110
3939 5231 5391 4118 38 6755 8491 8655 8809 8971 6838 108 109 110
3939 5231 5391 4118 4129 5865 6029 6183 6345 4212 109 110
3939 5231 5391 4118 4129 5865 6029 6183 6345 4212 109 1641 3857 3734 3580 3577 1592 103 321 1070 1071 1201 1306 340

3 3 24 2
7 6563 7840 6596 6597 7985 6638 6639 8277 6726 6737 8761 6844 111 112
7 6563 7847 8001 8155 8309 6662 6671 8775 8920 6844 111 112
7 6563 7840 6596 6597 7985 6638 78 4013 5651 4100 4111 6135 4218 112
7 6563 7840 6596 6597 7985 6638 78 79 1443 3025 1530 1541 3509 1648
7 6563 7840 6596 6597 7985 8139 8295 8457 8615 8767 6844 111 112

4 3 11 2
3947 4383 4545 4703 4859 5013 5167 4026 82
3945 4375 4537 4695 4853 5013 5167 4026 82
3945 4375 4537 4693 4843 4999 5161 4026 82
8 6573 7009 7171 7329 7485 7639 7793 6652 81 82
8 6571 7001 7163 7321 7479 7639 7793 6652 81 82

4 3 12 2
8 6573 7009 7171 7329 7487 7649 7811 7969 6636 6643 8295 6660 83 84
3947 4383 4545 4703 4861 5023 5185 5343 4010 4017 5669 4034 84
8 6571 7001 7163 7321 7479 7641 7803 7963 6636 6643 8295 6660 83 84
3945 4375 4537 4695 4853 5015 5177 5337 4010 4017 5669 4034 84
3945 4375 4537 4695 4853 5015 5177 5335 5493 5663 4034 84

4 3 13 1
3943 4231 4395 4403 4052 86 87
3943 4227 4239 4403 4052 86 87
3943 4227 4233 4247 4052 86 87
8 6569 6857 7021 7029 6678 85 86 87
3943 4231 4401 4565 4058 86 87

4 3 14 2
3947 4385 4555 4721 4887 5057 5225 4066 89
8 6573 7011 7181 7347 7513 7683 7851 6692 88 89
3943 4231 4401 4571 4737 4903 3934 3939 5231 4066 89
8 6569 6857 7027 7197 7363 7529 6560 6565 7859 6694 88 89
3943 4231 4401 4569 4727 4887 5057 5225 4066 89

4 3 15 2
8 6571 6999 7144 7145 6824 6825 6580 6575 6722 90 91
8 6571 6999 7155 7311 7452 6832 6825 6580 6575 6722 90 91
8 6571 6999 7144 7145 6824 106 4199 3954 3949 4096 91
3945 4373 4518 4519 4198 50 6825 6580 6575 6722 90 91
3945 4373 4518 4519 4198 4199 3954 3949 4096 91

4 3 16 2
3947 4383 4545 4703 4861 5023 5185 5343 5497 5651 4100 93
8 6573 7009 7171 7329 7487 7649 7811 7969 8123 8277 6726 92 93
3947 4383 4545 4703 4859 5013 5169 5329 5491 5651 4100 93
8 6573 7009 7171 7329 7485 7639 7795 7955 8117 8277 6726 92 93
8 6571 7001 7163 7321 7479 7639 7795 7955 8117 8277 6726 92 93

4 3 17 2
3947 4383 4547 4713 4879 3964 3973 5371 4116 95
8 6573 7009 7173 7339 7505 6590 6599 7997 6742 94 95
3947 4383 4545 4703 4863 5033 5203 5371 4116 95
8 6573 7009 7171 7329 7489 7659 7829 7997 6742 94 95
3947 4383 4545 4705 4871 5041 3968 3973 5371 4116 95

4 3 18 2
3943 4231 4401 4571 4737 4897 4911 4134 97
8 6569 6857 7027 7197 7363 7523 7537 6760 96 97
3943 4231 4395 4409 4579 4745 4911 4134 97
8 6569 6857 7021 7035 7205 7371 7537 6760 96 97
3943 4231 4395 4403 4052 4059 4587 4753 4919 4136 97

4 3 19 1
3947 4385 4555 4721 4887 5057 5225 4066 4081 5735 4148 99 100
3947 4385 4555 4721 4887 5057 5225 4066 4081 5735 4148 99 100
3947 4385 4555 4721 4887 5057 5225 4066 4081 5735 4148 99 100
3947 4385 4555 4721 4887 5057 5225 4066 4081 5735 4148 99 100
3947 4385 4555 4721 4887 5057 5225 4066 4081 5735 4148 99 100

4 3 20 1
8 6573 7011 7181 7347 7513 7683 7851 6692 6707 8359 8523 6784 101 102 103
8 6573 7011 7181 7347 7513 7683 7851 6692 6707 8359 8523 6784 101 102 103
8 6573 7011 7181 7347 7513 7683 7851 6692 6707 8359 8523 6784 101 102 103
8 6573 7011 7181 7347 7513 7683 7851 6692 6707 8359 8523 6784 101 102 103
8 6573 7011 7181 7347 7513 7683 7851 6692 6707 8359 8523 6784 101 102 103

4 3 21 2
8 6573 7009 7171 7329 7485 7639 7795 7953 8107 8263 8425 6816 104 105
8 6573 7009 7171 7329 7485 7639 7795 7953 8107 8263 8425 6816 104 105
8 6573 7009 7171 7329 7485 7639 7795 7953 8107 8263 8425 6816 104 105
8 6573 7009 7171 7329 7485 7639 7795 7953 8107 8263 8425 6816 104 105
8 6573 7009 7171 7329 7485 7639 7795 7953 8107 8263 8425 6816 104 105

4 3 22 2
8 6571 6999 7144 7145 6824 106 107
3945 4373 4518 4519 4198 107
8 6571 6999 7155 7311 7452 6832 106 107
8 6571 6999 7155 7313 7469 7458 6832 106 107
3945 4373 4529 4685 4826 4206 107

4 3 23 1
8 6573 7009 7171 7329 7487 7649 7811 7969 6636 6643 8295 6660 6675 8793 8955 6834 108 109 110
8 6573 7009 7171 7329 7487 7649 7811 7969 6636 6643 8295 6660 6675 8793 8955 6834 108 109 110
8 6573 7009 7171 7329 7487 7649 7811 7969 6636 6643 8295 6660 6675 8793 8955 6834 108 109 110
8 6573 7009 7171 7329 7487 7649 7811 7969 6636 6643 8295 6660 6675 8793 8955 6834 108 109 110
8 6573 7009 7171 7329 7487 7649 7811 7969 6636 6643 8295 6660 6675 8793 8955 6834 108 109 110

4 3 24 2
8 6573 7009 7171 7329 7487 7649 7811 7969 8123 8277 6726 6737 8761 6844 111 112
8 6573 7009 7171 7329 7487 7649 7811 7969 8123 8277 6726 6737 8761 6844 111 112
8 6573 7009 7171 7329 7487 7649 7811 7969 8123 8277 6726 6737 8761 6844 111 112
8 6573 7009 7171 7329 7487 7649 7811 7969 8123 8277 6726 6737 8761 6844 111 112
8 6573 7009 7171 7329 7487 7649 7811 7969 8123 8277 6726 6737 8761 6844 111 112

5 1 11 2
11 10 9 6585 7595 7765 6648 81 82
11 10 3959 4969 5139 4022 82
11 10 9 6583 7587 7751 7765 6648 81 82
11 10 9 6579 6826 6831 7457 7625 7787 6652 81 82
11 1389 2353 2513 1452

5 1 12 2
11 10 9 6585 7595 7765 6648 6657 8111 8281 8453 6666 83 84
11 10 9 6579 6826 6831 7457 7625 7789 7957 6636 6643 8295 6660 83 84
11 10 9 6585 7595 7763 7925 8095 8265 8431 8445 6664 83 84
11 10 9 6585 7595 7759 7767 7781 7949 8119 8289 6660 83 84
11 10 9 6585 7595 7759 7773 7941 8111 8281 8453 6666 83 84

5 1 13 1
11 10 9 6579 6826 6831 7457 7621 7629 7486 7336 7333 7194 7191 6684 85 86 87
11 10 9 6579 6826 6823 7146 7143 7151 7159 7167 7175 7183 7191 6684 85 86 87
11 10 9 6579 6826 6823 7299 7312 7309 7317 7325 7333 7194 7191 6684 85 86 87
11 10 9 6579 6826 6823 7146 6992 6989 6997 7005 7013 7021 7029 6678 85 86 87
273 665 703 745 789 815 885 985 993 1007 1135 1275 1280 1146 1026 1023 1031 918 820 804 782 730 680 642 604 554 488 304

5 1 14 2
11 10 9 6579 6826 6831 7457 7627 7791 7799 7807 7815 6592 6601 7999 8007 6692 88 89
11 10 9 6579 6826 6831 7457 7627 7791 7799 7807 7815 6592 6601 7999 8007 6692 88 89
11 10 9 6579 6826 6831 7457 7627 7791 7799 7807 7815 6592 6601 7999 8007 6692 88 89
11 10 9 6579 6826 6831 7457 7627 7791 7799 7807 7815 6592 6601 7999 8007 6692 88 89
11 10 9 6579 6826 6831 7457 7627 7791 7799 7807 7815 6592 6601 7999 8007 6692 88 89

5 1 15 2
11 1379 1526
11 10 3949 4096 91
11 10 9 6575 6722 90 91
11 10 9 6575 7406 6720 90 91
11 10 9 6583 7420 6722 90 91

5 1 16 2
11 10 9 6585 7595 7765 6648 6657 8109 8271 6726 92 93
11 10 9 6579 6826 6831 7457 7625 7787 7947 8109 8271 6726 92 93
11 10 9 6583 7587 7757 7925 8095 8265 6726 92 93
11 10 3959 4969 5139 4022 4031 5483 5645 4100 93
11 10 9 6585 7595 7763 7925 8095 8265 6726 92 93

5 1 17 2
11 10 9 6579 6826 6831 7457 7627 7791 7799 7807 7815 7829 7997 6742 94 95
11 10 9 6585 7595 7765 6648 6657 8105 6634 6637 8137 8145 8153 6742 94 95
11 10 9 6585 7595 7765 6648 81 4031 5479 4008 4011 5511 5519 5527 4116 95
11 10 9 6585 7595 7765 6648 81 82 1461 2853 1438 1441 2885 2893 2901 1546
11 10 9 6585 7595 7608 7605 7619 7783 7791 7799 7807 7815 7829 7997 6742 94 95

5 1 18 2
11 10 9 6579 6826 6831 7457 7627 7791 7799 7807 7815 7823 7831 7839 7845 7853 6766 96 97
11 10 9 6579 6826 6831 7457 7627 7791 7799 7807 7815 7823 7831 7839 7845 7853 6766 96 97
11 10 9 6579 6826 6831 7457 7627 7791 7799 7807 7815 7823 7831 7839 7845 7853 6766 96 97
11 10 9 6579 6826 6831 7457 7627 7791 7799 7807 7815 7823 7831 7839 7845 7853 6766 96 97
11 10 9 6579 6826 6831 7457 7627 7791 7799 7807 7815 7823 7831 7839 7845 7853 6766 96 97

5 1 19 1
11 10 9 6579 6826 6831 7457 7627 7791 7799 7807 7815 6592 6601 7999 8007 6692 6707 8361 6774 98 99 100
11 10 9 6579 6826 6831 7457 7627 7791 7799 7807 7815 6592 6601 7999 8007 6692 6707 8361 6774 98 99 100
11 10 9 6579 6826 6831 7457 7627 7791 7799 7807 7815 6592 6601 7999 8007 6692 6707 8361 6774 98 99 100
11 10 9 6579 6826 6831 7457 7627 7791 7799 7807 7815 6592 6601 7999 8007 6692 6707 8361 6774 98 99 100
11 10 9 6579 6826 6831 7457 7627 7791 7799 7807 7815 6592 6601 7999 8007 6692 6707 8361 6774 98 99 100

5 1 20 1
11 10 9 6579 6826 6831 7457 7627 7791 7799 7807 7815 6592 6601 8005 8175 8345 8517 6784 101 102 103
11 10 9 6579 6826 6831 7457 7627 7791 7799 7807 7815 6592 6601 8005 8175 8345 8517 6784 101 102 103
11 10 9 6579 6826 6831 7457 7627 7791 7799 7807 7815 6592 6601 8005 8175 8345 8517 6784 101 102 103
11 10 9 6579 6826 6831 7457 7627 7791 7799 7807 7815 6592 6601 8005 8175 8345 8517 6784 101 102 103
11 10 9 6579 6826 6831 7457 7627 7791 7799 7807 7815 6592 6601 8005 8175 8345 8517 6784 101 102 103

5 1 21 2
11 10 9 6587 7745 7901 8069 8233 6804 104 105
11 10 9 6587 7747 7907 8069 8233 6804 104 105
11 10 9 6587 7749 7913 8069 8233 6804 104 105
11 10 3961 5119 5275 5443 3900 60 1343 1423
11 10 9 6583 7583 7739 7901 8069 8233 6804 104 105

5 1 22 2
11 10 9 6579 6826 106 107
11 10 3953 4200 107
11 1383 1630
11 10 9 6579 7429 6828 106 107
11 10 9 6585 7440 6828 106 107

5 1 23 1
11 10 9 6585 7595 7765 6648 6657 8109 8271 6726 6542 6555 8779 8949 6834 108 109 110
11 10 9 6585 7595 7765 6648 6657 8109 8271 6726 6542 6555 8779 8949 6834 108 109 110
11 10 9 6585 7595 7765 6648 6657 8109 8271 6726 6542 6555 8779 8949 6834 108 109 110
11 10 9 6585 7595 7765 6648 6657 8109 8271 6726 6542 6555 8779 8949 6834 108 109 110
11 10 9 6585 7595 7765 6648 6657 8109 8271 6726 6542 6555 8779 8949 6834 108 109 110

5 1 24 2
11 10 9 6587 7745 7901 8069 8233 6804 6813 8577 8741 6840 111 112
11 10 9 6585 7595 7765 6648 6657 8109 8271 6726 6737 8761 6844 111 112
11 10 9 6585 7595 7765 6648 81 4031 5483 5645 4100 4111 6135 4218 112
11 10 9 6579 6826 6831 7457 7625 7787 7947 8109 8271 6726 6737 8761 6844 111 112
11 10 9 6585 7595 7765 6648 81 82 1461 2857 3019 1530 1541 3509 1648

6 2 11 2
1395 2564 2556 2548 2540 2541 1456
1401 2724 2716 2708 2700 2692 1456
13 3971 5350 5342 5334 5326 5318 4026 82
13 3965 5190 5182 5174 5166 5167 4026 82
13 12 6597 7976 7968 7960 7952 7944 6652 81 82

6 2 12 2
1403 2743 2903 3057 1466
1403 2741 2897 3057 1466
13 3973 5367 5523 5683 4036 84
13 12 6599 7993 8149 8309 6662 83 84
1403 2741 2895 3051 1466

6 2 13 1
1393 2276 2124 1974 1490 87
1393 2282 2132 1494 87
1393 2282 2126 1974 1490 87
1397 2438 2290 2134 1494 87
13 3963 4886 4734 4584 4060 86 87

6 2 14 2
1405 2747 2755 1496
13 3975 5373 5381 4066 89
1399 2587 2599 1496
13 12 6601 7999 8007 6692 88 89
13 3969 5213 5225 4066 89

6 2 15 2
13 12 6591 7816 7808 7800 7792 7628 7458 6832 6825 6580 6575 6722 90 91
13 3965 5190 5182 5174 5166 5002 4832 4206 50 6825 6580 6575 6722 90 91
13 12 6591 7816 7808 7800 7792 7628 7458 6832 106 4199 3954 3949 4096 91
13 3965 5190 5182 5174 5166 5002 4832 4206 4199 3954 3949 4096 91
1395 2564 2556 2548 2540 2386 2222 1636 51 50 6825 6580 6575 6722 90 91

6 2 16 2
1401 2733 1442 1443 3025 1530
13 3971 5359 4012 4013 5651 4100 93
13 3971 5359 4012 79 1443 3025 1530
1401 2733 1442 23 4013 5651 4100 93
13 12 6597 7985 6638 6639 8277 6726 92 93

6 2 17 2
1403 2745 1546
1405 2753 1548
1405 2751 1546
13 3973 5371 4116 95
13 3975 5377 4116 95

6 2 18 2
1399 2587 2593 2601 1570
13 3969 5213 5219 5227 4140 97
13 12 6595 7839 7845 7853 6766 96 97
1399 2587 2593 2452 1564
13 3969 5062 3932 3941 4140 97

6 2 19 1
1405 2747 2755 1496 1511 3109 1578 100
1405 2753 2923 3087 3095 3109 1578 100
13 3975 5373 5381 4066 4081 5735 4148 99 100
13 3975 5379 5549 5713 5721 5735 4148 99 100
13 3975 5373 5381 4066 89 1511 3109 1578 100

6 2 20 1
1405 2753 2923 3093 3265 1588 103
13 3975 5379 5549 5719 5891 4158 102 103
13 12 6601 8005 8175 8345 8517 6784 101 102 103
1405 2753 2923 3091 3257 1586 103
13 3975 5379 5549 5717 5883 4156 102 103

6 2 21 2
1401 2733 1442 1443 3025 3172 3173 1620
13 3971 5359 4012 4013 5651 5798 5799 4190 105
13 12 6597 7985 6638 6639 8277 8424 8425 6816 104 105
1401 2724 2716 2717 2871 3025 3172 3173 1620
1401 2724 2716 2708 2709 2863 3017 3173 1620

6 2 22 2
13 12 6591 7816 7808 7800 7792 7628 7458 6832 106 107
13 3965 5190 5182 5174 5166 5002 4832 4206 107
13 12 6591 7660 7646 7638 7630 7622 7458 6832 106 107
1395 2564 2556 2548 2540 2386 2222 1636
13 3965 5034 5020 5012 5004 4996 4832 4206 107

6 2 23 1
13 12 6599 7993 8149 8309 6662 6675 8793 8955 6834 108 109 110
1403 2745 1546 39 38 6755 8491 8655 8809 8971 6838 108 109 110
13 12 6599 7993 8147 8303 6662 6675 8793 8957 6836 108 109 110
13 12 6599 7993 8151 8319 8483 8649 8809 8971 6838 108 109 110
1403 2745 1546 39 4129 5865 6029 6183 6345 4212 109 110

6 2 24 2
1401 2733 1442 1443 3025 1530 1541 3509 1648
1401 2733 1442 23 4013 5651 4100 4111 6135 4218 112
1401 2733 1442 23 22 6639 8277 6726 6737 8761 6844 111 112
1401 2733 1442 23 22 6639 8277 8433 8593 8753 6842 111 112
1401 2733 1442 23 4013 5651 5807 5967 6127 4216 112

7 0 11 2
17 16 15 14 6605 8860 8692 8518 8346 6754 6741 8154 8146 8138 6638 6633 8106 6658 81 82
17 16 15 14 6605 8860 8692 8518 8346 6754 6741 8154 8146 8138 6638 6633 8106 6658 81 82
17 16 15 14 6605 8860 8692 8518 8346 6754 6741 8154 8146 8138 6638 6633 8106 6658 81 82
17 16 15 14 6605 8860 8692 8518 8346 6754 6741 8154 8146 8138 6638 6633 8106 6658 81 82
17 16 15 14 6605 8860 8692 8518 8346 6754 6741 8154 8146 8138 6638 6633 8106 6658 81 82

7 0 12 2
17 16 15 14 6603 8852 8838 8830 8822 8660 8646 8638 6670 83 84
17 277 1100 326 47 46 45 6787 8830 8822 8660 8646 8638 6670 83 84
17 277 1100 326 47 46 4161 6204 6196 6034 6020 6012 4044 84
17 277 1100 326 47 1591 3578 3570 3408 3394 3386 1474
17 277 1100 326 319 312 44 43 42 6773 8362 8348 8340 6754 6747 8308 8309 6662 83 84

7 0 13 1
17 16 15 14 6605 8860 8698 8532 8362 6708 6693 7860 6566 6559 7536 7378 7214 6686 85 86 87
17 16 15 14 6605 8860 8698 8532 8362 6708 6693 7860 6566 6559 7536 7378 7214 6686 85 86 87
17 16 15 14 6605 8860 8698 8532 8362 6708 6693 7860 6566 6559 7536 7378 7214 6686 85 86 87
17 16 15 14 6605 8860 8698 8532 8362 6708 6693 7860 6566 6559 7536 7378 7214 6686 85 86 87
17 16 15 14 6605 8860 8698 8532 8362 6708 6693 7860 6566 6559 7536 7378 7214 6686 85 86 87

7 0 14 2
17 16 1409 3612 3452 3282 3110 1512
17 16 1409 3608 3446 3280 3110 1512
17 16 15 3979 6238 6078 5908 5736 4082 89
17 16 15 3979 6234 6072 5906 5736 4082 89
17 277 1104 978 314 44 1577 3110 1512

7 0 15 2
17 16 15 14 6605 8860 8692 8518 8346 8176 8006 6602 6591 7816 7808 7800 7792 7628 7458 6832 6825 6580 6575 6722 90 91
17 16 15 14 6605 8860 8692 8518 8346 8176 8006 6602 6591 7816 7808 7800 7792 7628 7458 6832 6825 6580 6575 6722 90 91
17 16 15 14 6605 8860 8692 8518 8346 8176 8006 6602 6591 7816 7808 7800 7792 7628 7458 6832 6825 6580 6575 6722 90 91
17 16 15 14 6605 8860 8692 8518 8346 8176 8006 6602 6591 7816 7808 7800 7792 7628 7458 6832 6825 6580 6575 6722 90 91
17 16 15 14 6605 8860 8692 8518 8346 8176 8006 6602 6591 7816 7808 7800 7792 7628 7458 6832 6825 6580 6575 6722 90 91

7 0 16 2
17 16 15 14 6603 8852 8838 8830 8822 8660 8646 8638 6670 6663 6550 61 3915 93
17 277 1100 326 47 46 45 6787 8830 8822 8660 8646 8638 6670 6663 6550 61 3915 93
17 277 1100 326 47 46 4161 6204 6196 6034 6020 6012 4044 4037 3924 3915 93
17 277 1100 326 47 1591 3578 3570 3408 3394 3386 1474 1467 1372 1363
17 277 1100 326 319 312 44 43 42 6773 8362 8348 8340 6754 6741 8154 8146 8138 6638 6639 8277 6726 92 93

7 0 17 2
17 16 1409 3608 3440 3266 3094 1558
17 16 15 3979 6234 6066 5892 5720 4128 95
17 16 15 14 6605 8860 8692 8518 8346 6754 94 95
17 16 15 14 6603 6800 6783 8518 8346 6754 94 95
17 16 1409 3608 3440 3272 3102 3088 1558

7 0 18 2
17 16 1409 3612 3452 3282 3110 2946 2784 1576
17 16 15 3979 6238 6078 5908 5736 5572 5410 4146 97
17 16 15 14 6605 8860 8698 8532 8362 8198 8036 6772 96 97
17 16 15 3979 6238 6078 4154 4149 5742 5578 5412 4146 97
17 277 1104 978 314 44 1577 3110 2946 2784 1576

7 0 19 1
17 277 1104 978 314
17 16 1409 3612 3452 1584 100
17 16 15 3979 6238 6078 4154 99 100
17 277 1100 976 314
17 16 15 14 6605 8864 8704 6780 98 99 100

7 0 20 1
17 277 1100 326
17 275 334
17 16 1409 3608 1596 103
17 16 1407 1604 103
17 275 1092 324

8 2 11 2
19 18 6617 7117 6820 6831 7457 7625 7787 6652 81 82
19 18 6617 7117 6820 106 4205 4831 4999 5161 4026 82
19 18 6617 7117 7283 7449 7619 7787 6652 81 82
19 3991 4491 4194 50 6831 7457 7625 7787 6652 81 82
19 18 6617 7117 6820 106 107 1635 2221 2383 2535 1456

8 2 12 2
19 18 6617 7117 6820 6831 7457 7625 7789 7957 6636 6643 8295 6660 83 84
1421 1881 1624 51 50 6831 7457 7625 7789 7957 6636 6643 8295 6660 83 84
1421 1881 1624 1635 2221 2383 2537 2705 1440 1447 3043 1464
1421 1881 2047 2213 2377 2537 2705 1440 1447 3043 1464
1417 1747 1887 1624 51 50 6831 7457 7625 7789 7957 6636 6643 8295 6660 83 84

8 2 13 1
19 18 6615 6957 6971 7135 7143 7151 7159 7167 7175 7183 7191 6684 85 86 87
19 18 6615 6957 6971 7135 6992 6989 6997 7005 7013 7021 7029 6678 85 86 87
19 3989 4331 4345 4509 4517 4525 4533 4541 4549 4557 4565 4058 86 87
19 3989 4331 4345 4509 4366 4363 4371 4379 4387 4395 4403 4052 86 87
1419 1749 1763 1899 1907 1915 1923 1931 1939 1947 1955 1488 87

8 2 14 2
19 18 6617 7117 6820 6831 7457 7627 7791 7799 7807 7815 6592 6601 7999 8007 6692 88 89
19 18 6617 7117 6820 6831 7457 7627 7791 7799 7807 7815 6592 6601 7999 8007 6692 88 89
19 18 6617 7117 6820 6831 7457 7627 7791 7799 7807 7815 6592 6601 7999 8007 6692 88 89
19 18 6617 7117 6820 6831 7457 7627 7791 7799 7807 7815 6592 6601 7999 8007 6692 88 89
19 18 6617 7117 6820 6831 7457 7627 7791 7799 7807 7815 6592 6601 7999 8007 6692 88 89

8 2 15 2
19 18 6611 6943 7088 6710 90 91
19 18 6613 6951 7105 6716 90 91
19 18 6611 6943 7097 6714 90 91
19 18 6611 6943 7099 6716 90 91
19 18 6611 6934 6935 6710 90 91

8 2 16 2
19 18 6617 7117 6820 6831 7457 7625 7787 7947 8109 8271 6726 92 93
19 3991 4491 4194 50 6831 7457 7625 7787 7947 8109 8271 6726 92 93
19 3991 4491 4194 4205 4831 4999 5161 5321 5483 5645 4100 93
1421 1881 1624 51 50 6831 7457 7625 7787 7947 8109 8271 6726 92 93
19 3991 4491 4194 107 1635 2221 2383 2535 2695 2857 3019 1530

8 2 17 2
19 18 6617 7117 6820 6831 7457 7627 7791 7799 7807 7815 7829 7997 6742 94 95
19 18 6617 7117 6820 6831 7457 7627 7791 7799 7807 7815 7829 7997 6742 94 95
19 18 6617 7117 6820 6831 7457 7627 7791 7799 7807 7815 7829 7997 6742 94 95
19 18 6617 7117 6820 6831 7457 7627 7791 7799 7807 7815 7829 7997 6742 94 95
19 18 6617 7117 6820 6831 7457 7627 7791 7799 7807 7815 7829 7997 6742 94 95

8 2 18 2
19 18 6617 7117 6820 6831 7457 7627 7791 7799 7807 7815 7823 7831 7839 7845 7853 6766 96 97
19 18 6617 7117 6820 6831 7457 7627 7791 7799 7807 7815 7823 7831 7839 7845 7853 6766 96 97
19 18 6617 7117 6820 6831 7457 7627 7791 7799 7807 7815 7823 7831 7839 7845 7853 6766 96 97
19 18 6617 7117 6820 6831 7457 7627 7791 7799 7807 7815 7823 7831 7839 7845 7853 6766 96 97
19 18 6617 7117 6820 6831 7457 7627 7791 7799 7807 7815 7823 7831 7839 7845 7853 6766 96 97

8 2 19 1
19 18 6617 7117 6820 6831 7457 7627 7791 7799 7807 7815 6592 6601 7999 8007 6692 6707 8361 6774 98 99 100
19 18 6617 7117 6820 6831 7457 7627 7791 7799 7807 7815 6592 6601 7999 8007 6692 6707 8361 6774 98 99 100
19 18 6617 7117 6820 6831 7457 7627 7791 7799 7807 7815 6592 6601 7999 8007 6692 6707 8361 6774 98 99 100
19 18 6617 7117 6820 6831 7457 7627 7791 7799 7807 7815 6592 6601 7999 8007 6692 6707 8361 6774 98 99 100
19 18 6617 7117 6820 6831 7457 7627 7791 7799 7807 7815 6592 6601 7999 8007 6692 6707 8361 6774 98 99 100

8 2 20 1
19 18 6617 7117 6820 6831 7457 7627 7791 7799 7807 7815 6592 6601 8005 8175 8345 8517 6784 101 102 103
19 18 6617 7117 6820 6831 7457 7627 7791 7799 7807 7815 6592 6601 8005 8175 8345 8517 6784 101 102 103
19 18 6617 7117 6820 6831 7457 7627 7791 7799 7807 7815 6592 6601 8005 8175 8345 8517 6784 101 102 103
19 18 6617 7117 6820 6831 7457 7627 7791 7799 7807 7815 6592 6601 8005 8175 8345 8517 6784 101 102 103
19 18 6617 7117 6820 6831 7457 7627 7791 7799 7807 7815 6592 6601 8005 8175 8345 8517 6784 101 102 103

8 2 21 2
19 18 6617 7117 6820 6831 7457 7625 7787 7947 8107 8263 8425 6816 104 105
19 18 6617 7117 6820 6831 7457 7625 7787 7947 8107 8263 8425 6816 104 105
19 18 6617 7117 6820 6831 7457 7625 7787 7947 8107 8263 8425 6816 104 105
19 18 6617 7117 6820 6831 7457 7625 7787 7947 8107 8263 8425 6816 104 105
19 18 6617 7117 6820 6831 7457 7625 7787 7947 8107 8263 8425 6816 104 105

8 2 22 2
19 18 6617 7117 6820 106 107
19 3991 4491 4194 107
1421 1881 1624
19 18 6617 7115 6818 106 107
19 18 6613 6955 7123 6820 106 107

8 2 23 1
19 18 6617 7117 6820 6831 7457 7625 7789 7957 6636 6643 8295 6660 6675 8793 8955 6834 108 109 110
19 18 6617 7117 6820 6831 7457 7625 7789 7957 6636 6643 8295 6660 6675 8793 8955 6834 108 109 110
19 18 6617 7117 6820 6831 7457 7625 7789 7957 6636 6643 8295 6660 6675 8793 8955 6834 108 109 110
19 18 6617 7117 6820 6831 7457 7625 7789 7957 6636 6643 8295 6660 6675 8793 8955 6834 108 109 110
19 18 6617 7117 6820 6831 7457 7625 7789 7957 6636 6643 8295 6660 6675 8793 8955 6834 108 109 110

8 2 24 2
19 18 6617 7117 6820 6831 7457 7625 7787 7947 8109 8271 6726 6737 8761 6844 111 112
19 18 6617 7117 6820 6831 7457 7625 7787 7947 8109 8271 6726 6737 8761 6844 111 112
19 18 6617 7117 6820 6831 7457 7625 7787 7947 8109 8271 6726 6737 8761 6844 111 112
19 18 6617 7117 6820 6831 7457 7625 7787 7947 8109 8271 6726 6737 8761 6844 111 112
19 18 6617 7117 6820 6831 7457 7625 7787 7947 8109 8271 6726 6737 8761 6844 111 112

9 2 11 2
1423 1619 3174 3012 2856 1462
21 3993 4189 5800 5638 5482 4032 82
21 20 6619 6815 8426 8264 8108 6658 81 82
21 3993 4189 5800 5644 5484 4032 82
1435 3321 3174 3012 2856 1462

9 2 12 2
1423 1619 3329 1534 1364 1371 1468
21 3993 4189 5955 4104 3916 3923 4038 84
21 20 6619 6815 8581 6730 6542 6549 6664 83 84
21 3993 4189 5955 4104 93 1364 1371 1468
1423 1619 3329 1534 37 3916 3923 4038 84

9 2 13 1
21 20 6619 6815 8426 8423 8278 8124 7970 7818 7664 7510 7360 7210 6686 85 86 87
21 20 6619 6815 8426 8423 8278 8124 7970 7818 7664 7510 7360 7210 6686 85 86 87
21 20 6619 6815 8426 8423 8278 8124 7970 7818 7664 7510 7360 7210 6686 85 86 87
21 20 6619 6815 8426 8423 8278 8124 7970 7818 7664 7510 7360 7210 6686 85 86 87
21 20 6619 6815 8426 8423 8278 8124 7970 7818 7664 7510 7360 7210 6686 85 86 87

9 2 14 2
21 20 6619 6815 8426 8423 8278 6640 6637 8137 8145 8153 8161 8169 6698 88 89
21 20 6619 6815 8426 8423 8278 6640 78 4011 5511 5519 5527 5535 5543 4072 89
21 20 6619 104 4189 5955 5808 5652 4014 4011 5511 5519 5527 5535 5543 4072 89
21 20 6619 104 4189 5955 5808 5652 4014 22 6637 8137 8145 8153 8161 8169 6698 88 89
21 20 6619 6815 8426 8423 8278 6640 78 79 1441 2885 2893 2901 2909 2917 1502

9 2 15 2
21 20 6522 6525 8070 7902 7746 6588 6575 6722 90 91
21 20 6522 6525 8070 7902 7740 7572 7410 6720 90 91
21 20 6522 6525 8070 7902 7740 7578 7418 6722 90 91
21 20 6522 6525 8064 7900 7746 6588 6575 6722 90 91
21 20 6522 6525 8076 7916 7750 6588 6575 6722 90 91

9 2 16 2
1423 1619 3329 1534
1423 1617 3321 3329 1534
1423 1619 3174 1528
1423 1619 3335 1540
1423 1617 3327 3340 1534

9 2 17 2
21 20 6619 6815 8426 8423 8278 6640 6637 8137 8145 8153 6742 94 95
21 20 6619 6815 8426 8423 8278 6640 78 4011 5511 5519 5527 4116 95
21 20 6619 6815 8426 8423 8278 6640 78 79 1441 2885 2893 2901 1546
21 20 6619 104 4189 5955 5808 5652 4014 4011 5511 5519 5527 4116 95
21 20 6619 104 4189 5955 5808 5652 4014 79 1441 2885 2893 2901 1546

9 2 18 2
21 3993 48 6815 8581 8434 8278 6640 6637 7986 6598 6595 7839 7845 7853 6766 96 97
21 3993 48 6815 8581 8434 8278 6640 6637 7986 6598 6595 7839 7845 7853 6766 96 97
21 3993 48 6815 8581 8434 8278 6640 6637 7986 6598 6595 7839 7845 7853 6766 96 97
21 3993 48 6815 8581 8434 8278 6640 6637 7986 6598 6595 7839 7845 7853 6766 96 97
21 3993 48 6815 8581 8434 8278 6640 6637 7986 6598 6595 7839 7845 7853 6766 96 97

9 2 19 1
21 3993 48 6815 8581 8434 8278 6640 6637 8137 8145 8153 6742 6753 8339 8347 8361 6774 98 99 100
21 3993 48 6815 8581 8434 8278 6640 6637 8137 8145 8153 6742 6753 8339 8347 8361 6774 98 99 100
21 3993 48 6815 8581 8434 8278 6640 6637 8137 8145 8153 6742 6753 8339 8347 8361 6774 98 99 100
21 3993 48 6815 8581 8434 8278 6640 6637 8137 8145 8153 6742 6753 8339 8347 8361 6774 98 99 100
21 3993 48 6815 8581 8434 8278 6640 6637 8137 8145 8153 6742 6753 8339 8347 8361 6774 98 99 100

9 2 20 1
21 3993 48 6815 8581 6730 6542 6549 6664 6669 8637 8645 8659 8821 8829 6788 101 102 103
21 3993 48 6815 8581 6730 6542 6549 6664 83 4043 6011 6019 6033 6195 6203 4162 102 103
21 3993 48 6815 8581 6730 6542 6549 6664 83 84 1473 3385 3393 3407 3569 3577 1592 103
21 3993 4189 5955 4104 36 6542 6549 6664 6669 8637 8645 8659 8821 8829 6788 101 102 103
21 3993 105 1619 3329 1534 1364 1371 1468 28 27 6669 8637 8645 8659 8821 8829 6788 101 102 103

9 2 21 2
1423
21 3993 105
1427 1608
1433 1616
21 3997 4178 105

9 2 22 2
1423 1619 3174 3012 2856 2696 2536 2384 2222 1636
1423 1619 3174 3012 2856 2696 2536 2378 2214 1634
1423 1619 3174 3012 2856 2702 2544 2386 2222 1636
1423 1619 3174 3012 2856 2702 2544 2386 2372 2214 1634
1423 1619 3174 3018 2858 2696 2536 2384 2222 1636

9 2 23 1
21 3993 48 6815 8581 6730 6542 6555 8779 8949 6834 108 109 110
21 3993 48 6815 8581 6730 6542 61 3929 6153 6323 4208 109 110
21 3993 48 6815 8581 6730 6542 6553 8771 8941 9101 6834 108 109 110
21 3993 48 6815 8581 6730 6542 6549 8619 8787 8957 6836 108 109 110
1435 3321 3329 1534 1364 1377 3527 3697 1638 110

9 2 24 2
21 3993 4187 5951 6115 4214 112
1435 3325 3489 1644
1435 3327 3495 1644
1433 3319 3489 1644
1435 3327 3491 3501 1646

10 1 11 2
24 1437 2854 1462
24 1437 2698 1456
24 1437 2704 2692 1456
285 726 680 642 604 554 488 304 31 1487 1956 1957 2098 2099 2249 2397 2541 1456
24 1437 2854 1462

10 1 12 2
24 1447 3043 1464
24 23 4017 5669 4034 84
24 23 22 6643 8295 6660 83 84
24 1445 3037 1464
24 23 4015 5663 4034 84

10 1 13 1
285 726 680 642 604 554 488 304
24 1439 2718 2566 2422 2274 2124 1974 1490 87
24 23 4009 5344 5192 5038 4884 4734 4584 4060 86 87
24 23 22 6635 7970 7818 7664 7510 7360 7210 6686 85 86 87
24 1441 2734 1402 1393 2276 2124 1974 1490 87

10 1 14 2
24 1441 2885 2893 2901 2909 2917 1502
24 23 4011 5511 5519 5527 5535 5543 4072 89
24 23 22 6637 8137 8145 8153 8161 8169 6698 88 89
24 1441 2885 2742 2739 2747 2755 1496
24 1441 2885 2893 2901 2758 2755 1496

10 1 15 2
24 23 22 6635 7958 7796 7628 7458 6832 6825 6580 6575 6722 90 91
24 23 4009 5332 5170 5002 4832 4206 50 6825 6580 6575 6722 90 91
24 23 4007 5480 4032 25 6647 7766 7596 6586 6575 6722 90 91
24 23 22 6635 7958 7796 7628 7458 6832 106 4199 3954 3949 4096 91
24 23 4009 5332 5170 5002 4832 4206 4199 3954 3949 4096 91

10 1 16 2
24 1443 3025 1530
24 1443 3027 1532
24 1443 3016 3019 1530
24 1443 3016 3017 1528
24 1443 3029 3188 1532

10 1 17 2
24 1441 2885 2893 2901 1546
24 23 4011 5511 5519 5527 4116 95
24 23 22 6637 8137 8145 8153 6742 94 95
24 1441 2885 2899 1552
24 23 4011 5511 5525 4122 95

10 1 18 2
24 1441 2734 1402 1399 2587 2593 2601 1570
24 23 4011 5360 3972 3969 5213 5219 5227 4140 97
24 23 22 6637 7986 6598 6595 7839 7845 7853 6766 96 97
24 1441 2885 2893 2901 2909 2766 2612 1570
24 23 4011 5360 3972 12 6595 7839 7845 7853 6766 96 97

10 1 19 1
24 1441 2885 2893 2901 1546 1557 3087 3095 3109 1578 100
24 23 4011 5511 5519 5527 4116 4127 5713 5721 5735 4148 99 100
24 23 22 6637 8137 8145 8153 6742 6753 8339 8347 8361 6774 98 99 100
24 23 4011 5511 5519 5527 4116 95 1557 3087 3095 3109 1578 100
24 1441 2885 2893 2901 1546 39 4127 5713 5721 5735 4148 99 100

10 1 20 1
287 781 805 829 933 1061 1069 322
287 781 805 823 831 839 853 316
287 781 805 823 837 941 1069 322
293 799 805 829 933 1061 1069 322
293 801 821 921 933 1061 1069 322

10 1 21 2
293 801 821 923 1049 1187 340 54 53 52 6833 8950 8780 6556 6541 6729 8582 6816 104 105
293 801 821 923 1049 1187 340 54 53 52 6833 8950 8780 6556 6541 6729 8582 6816 104 105
293 801 821 923 1049 1187 340 54 53 52 6833 8950 8780 6556 6541 6729 8582 6816 104 105
293 801 821 923 1049 1187 340 54 53 52 6833 8950 8780 6556 6541 6729 8582 6816 104 105
293 801 821 923 1049 1187 340 54 53 52 6833 8950 8780 6556 6541 6729 8582 6816 104 105

10 1 22 2
285 726 680 642 604 554 488 304 31 1487 1956 1957 2098 2099 2249 2388 2380 2222 1636
285 726 680 642 604 554 488 304 31 1487 1956 1957 2098 2099 2249 2388 2380 2222 1636
285 726 680 642 604 554 488 304 31 1487 1956 1957 2098 2099 2249 2388 2380 2222 1636
285 726 680 642 604 554 488 304 31 1487 1956 1957 2098 2099 2249 2388 2380 2222 1636
285 726 680 642 604 554 488 304 31 1487 1956 1957 2098 2099 2249 2388 2380 2222 1636

10 1 23 1
293 801 821 923 1049 1187 340
293 801 821 925 1057 1193 340
287 781 805 827 923 1049 1187 340
287 781 805 829 931 1057 1193 340
287 781 805 827 923 1049 1185 338

10 1 24 2
293 801 821 923 1049 1187 340 54 53 52 6833 9102 9096 9088 9082 6850 111 112
293 801 821 923 1049 1187 340 54 53 52 6833 9102 9096 9088 9082 6850 111 112
293 801 821 923 1049 1187 340 54 53 52 6833 9102 9096 9088 9082 6850 111 112
293 801 821 923 1049 1187 340 54 53 52 6833 9102 9096 9088 9082 6850 111 112
293 801 821 923 1049 1187 340 54 53 52 6833 9102 9096 9088 9082 6850 111 112

